codigo,latitude,id_migracao_trajeto,linha,longitude,sentido,velocidade,trajeto,datahora
87577,-22.919893333333334,106.0,5800A1,-43.607335,ida,0.0,10- SANTA CRUZ X ALVORADA ( EXPRESSO ),1.511236322E12
47518,-22.95184,191.0,702A1,-43.34989666666667,ida,0.0,702A1 - PRAÇA SECA X MADUREIRA,1.5014009E12
47482,-23.011698333333335,0.0,0.0,-43.31022333333333,,42.9664,,1.509701157E12
833214,-22.975303333333333,0.0,0.0,-43.367126666666664,,0.0,,1.503332311E12
86810,-23.000918333333335,128.0,5804A1,-43.36749,ida,0.0,15 - PACIÊNCIA X SALVADOR ALLENDE ( EXPRESSO ),1.510336702E12
75637,-22.830985000000002,4057.0,355A1,-43.32334666666666,volta,0.0,355A1 - PRAÇA TIRADENTES X MADUREIRA,1.511236091E12
82536,-22.859906666666667,0.0,0.0,-43.37074166666668,,0.0,,1.511235574E12
39509,-22.965030000000002,0.0,0.0,-43.39179833333334,,0.0,,1.500741702E12
86309,-22.89373833333333,326.0,871A1,-43.53336833333333,ida,0.0,871A1 - CESARÃO X SEPETIBA,1.511236321E12
44736,-22.999878333333335,3816.0,40,-43.360148333333335,volta,0.0,40 - JARDIM OCEÂNICO X MADUREIRA ( EXPRESSO ),1.510693387E12
22064,-22.957351666666668,237.0,890A1,-43.34528666666665,volta,0.0,890A1 - TERMINAL ALVORADA X TANQUE,1.511235674E12
39828,-23.000743333333332,3495.0,076,-43.36636,unico,0.0,TERMINAL JARDIM OCEÂNICO X CENTRAL ( NOTURNO ),1.497879589E12
MK012 -LMB2681,-22.994956,0.0,0.0,-43.393974,,0.0,,1.511235198E12
30502,-23.002496666666666,3310.0,50,-43.366045,ida,0.0,50 - Terminal Olimpico x Jardim Oceânico ( Parador ),1.511235417E12
12734,-22.959665,3310.0,50,-43.39553333333333,ida,0.0,50 - Terminal Olimpico x Jardim Oceânico ( Parador ),1.511236306E12
86861,-22.896466666666665,4331.0,000,-43.53229,ida,0.0,SEM SERVIÇO - IDA,1.511235834E12
50035,-22.960699999999996,0.0,0.0,-43.395734999999995,,0.0,,1.51123516E12
47884,-22.95317166666667,116.0,610A1,-43.35031666666667,ida,0.0,610A1 - BRT TANQUE X DEL CASTILHO,1.511234417E12
22024,-22.957458333333335,3551.0,5850A1,-43.345439999999996,ida,0.0,51 - T. Recreio x Vila Militar (Parador),1.511236045E12
22058,-22.957338333333336,4949.0,SV823A,-43.345521666666656,ida,0.0,SV823A - Terminal Recreio x Vargem Grande (Via Estr. do Pontal / Av. das Américas),1.511235381E12
87562,-22.92062,120.0,5801A1,-43.607415,ida,0.0,12 - PINGO D'AGUA X ALVORADA ( EXPRESSO ),1.511236324E12
L 200 KXB-8909,-22.994714,0.0,0.0,-43.393718,,0.0,,1.511234971E12
39583,-22.97523166666667,0.0,0.0,-43.36748333333335,,0.5556,,1.494010977E12
86874,-22.896671666666666,106.0,5800A1,-43.53266,ida,0.0,10- SANTA CRUZ X ALVORADA ( EXPRESSO ),1.511235387E12
27177,-22.839341666666666,0.0,0.0,-43.239855,,0.0,,1.511235178E12
816820,-22.975295,0.0,0.0,-43.367075,,0.0,,1.503332116E12
12732,-22.959908333333335,3311.0,50,-43.395515,volta,0.0,50- Jardim Oceânico x Terminal Olimpico (Parador),1.511235525E12
86850,-22.897096666666666,132.0,5805A1,-43.53267666666667,ida,0.0,17- CAMPO GRANDE X SANTA CRUZ ( PARADOR ),1.511235745E12
75629,-22.83080166666667,4057.0,355A1,-43.3238,volta,0.0,355A1 - PRAÇA TIRADENTES X MADUREIRA,1.51123538E12
86805,-22.89574,0.0,0.0,-43.53252666666667,,0.0,,1.511235838E12
30187,-22.879269999999998,0.0,0.0,-43.357128333333335,,0.0,,1.511235028E12
50007,-22.96741666666667,0.0,0.0,-43.278335,,25.7428,,1.510748781E12
86347,-22.895776666666666,210.0,853V1,-43.533269999999995,ida,0.0,853V1 - VILA KENNEDY X MATO ALTO,1.510747718E12
47022,-22.952261666666665,121.0,5801A1,-43.34873666666667,volta,0.0,12 - ALVORADA X PINGO D'AGUA ( EXPRESSO ),1.51123592E12
86801,-22.895845,106.0,5800A1,-43.53293,ida,0.0,10- SANTA CRUZ X ALVORADA ( EXPRESSO ),1.511235888E12
807925,-22.975271666666668,0.0,0.0,-43.36711,,0.0,,1.503587722E12
854296,-22.975238333333333,0.0,0.0,-43.36714,,0.0,,1.503350913E12
10016,-22.815364999999996,0.0,0.0,-43.186336666666676,,0.1852,,1.511234957E12
30536,-23.00183,4050.0,42,-43.366265,volta,0.0,42 -  DIVINA PROVIDÊNCIA X FUNDÃO(PARADOR),1.511236007E12
816633,-22.975118333333334,0.0,0.0,-43.36707666666667,,0.0,,1.503069023E12
22005,-23.001701666666666,4810.0,21A,-43.36543666666667,volta,0.0,21A -  J.O  X RECREIO SHOPPING (PARADOR),1.511232004E12
86845,-23.000273333333332,133.0,5805A1,-43.393118333333334,volta,68.0,17- SANTA CRUZ X CAMPO GRANDE ( PARADOR ),1.511236307E12
86859,-22.895733333333332,106.0,5800A1,-43.532871666666665,ida,0.0,10- SANTA CRUZ X ALVORADA ( EXPRESSO ),1.511235864E12
816748,-22.97536,0.0,0.0,-43.36712833333333,,0.0,,1.503507623E12
53665,-22.88426166666666,0.0,0.0,-43.49488833333333,,1.2964,,1.492602669E12
13405,-23.002128333333335,3311.0,50,-43.366635,volta,0.0,50- Jardim Oceânico x Terminal Olimpico (Parador),1.511235235E12
13423,-22.87963166666667,3551.0,5850A1,-43.3571,ida,0.0,51 - T. Recreio x Vila Militar (Parador),1.511100039E12
856398,-22.97531,0.0,0.0,-43.367113333333336,,0.0,,1.502981431E12
87567,-22.919945,128.0,5804A1,-43.60731166666667,ida,0.0,15 - PACIÊNCIA X SALVADOR ALLENDE ( EXPRESSO ),1.511236315E12
86831,-22.895645000000002,4808.0,25,-43.53242,volta,0.0,25 - J.OCEÂNICO X MATO ALTO,1.511236183E12
12717,-22.959513333333334,3551.0,5850A1,-43.39546,ida,0.0,51 - T. Recreio x Vila Militar (Parador),1.511235703E12
30045,-22.95288333333333,4331.0,000,-43.35103499999999,ida,0.0,SEM SERVIÇO - IDA,1.511235304E12
12710,-22.854661666666665,3815.0,40,-43.25185833333333,ida,0.0,40 - MADUREIRA X JARDIM OCEÂNICO ( EXPRESSO ),1.511234755E12
86150,-22.994678333333333,211.0,853V1,-43.59545833333333,volta,9.26,853V1 - MATO ALTO X VILA KENNEDY,1.511236316E12
82526,-22.86831833333333,0.0,0.0,-43.36581833333333,,37.5956,,1.505118733E12
75508,-22.830795,0.0,0.0,-43.32400166666666,,0.0,,1.509758134E12
366898,-23.19164166666667,0.0,0.0,-45.879981666666666,,0.0,,1.504703359E12
50307,-22.854321666666667,3552.0,5850A1,-43.25135,volta,0.0,51 - Vila Militar x T. Recreio (Parador),1.511236306E12
86864,-22.89553,0.0,0.0,-43.53263333333334,,0.0,,1.511236236E12
86833,-22.895946666666667,132.0,5805A1,-43.532711666666664,ida,0.0,17- CAMPO GRANDE X SANTA CRUZ ( PARADOR ),1.511234854E12
53525,-22.883473333333335,279.0,SR870A,-43.495938333333335,ida,0.3704,SR 870A - SEPETIBA X SANTA CRUZ,1.511235338E12
87558,-22.804603333333333,122.0,5808A1,-43.306405,ida,0.0,20 - SANTA CRUZ X SALVADOR ALLENDE ( EXPRESSO ),1.510005758E12
30358,-22.88041333333333,230.0,882A1,-43.35715333333334,ida,0.0,882A1 - TANQUE X ALVORADA,1.5112356E12
75625,-22.830885,4057.0,355A1,-43.32373166666666,volta,0.0,355A1 - PRAÇA TIRADENTES X MADUREIRA,1.511235584E12
39808,-22.96514833333333,3495.0,076,-43.39156833333333,unico,0.0,TERMINAL JARDIM OCEÂNICO X CENTRAL ( NOTURNO ),1.496084179E12
47498,-22.953313333333334,0.0,0.0,-43.350415000000005,,0.0,,1.51123544E12
82600,-22.857888333333335,0.0,0.0,-43.37149333333333,,0.0,,1.511235799E12
27212,-23.006678333333333,3816.0,40,-43.313831666666665,volta,0.0,40 - JARDIM OCEÂNICO X MADUREIRA ( EXPRESSO ),1.503082642E12
75556,-22.83093666666667,4057.0,355A1,-43.323961666666676,volta,0.3704,355A1 - PRAÇA TIRADENTES X MADUREIRA,1.497024941E12
12739,-22.854676666666666,281.0,5700A1,-43.251601666666666,ida,0.0,30 - ALVORADA X GALEÃO ( SEMI - DIRETO),1.511236085E12
86883,-22.895013333333335,107.0,5800A1,-43.53194666666667,volta,0.0,10 - ALVORADA X SANTA CRUZ ( EXPRESSO ),1.511236306E12
30197,-22.88062,4331.0,000,-43.35691333333334,ida,0.0,SEM SERVIÇO - IDA,1.511236304E12
47520,-22.953386666666667,0.0,0.0,-43.350411666666666,,0.0,,1.51123549E12
75588,-22.830841666666668,4055.0,928A1,-43.324003333333316,volta,0.0,928A1 -  MARECHAL HERMES X RAMOS(CIRCULAR),1.511236002E12
857054,-22.975298333333335,0.0,0.0,-43.36719166666666,,0.0,,1.503524238E12
22063,-22.95749166666667,236.0,890A1,-43.345195,ida,0.0,890A1 - TANQUE X TERMINAL ALVORADA,1.511236324E12
44706,-22.849786666666667,3816.0,40,-43.323418333333336,volta,0.0,40 - JARDIM OCEÂNICO X MADUREIRA ( EXPRESSO ),1.511235821E12
816622,-22.975521666666666,0.0,0.0,-43.36712166666667,,0.0,,1.502921367E12
75565,-22.83125,4054.0,928A1,-43.32376166666666,ida,0.0,928A1 - RAMOS X MARECHAL HERMES (CIRCULAR),1.502251054E12
27173,-22.848891666666667,4049.0,42,-43.32245666666667,ida,0.0,42 - FUNDÃO X DIVINA PROVIDÊNCIA (PARADOR),1.511235849E12
75542,-22.830978333333338,4056.0,355A1,-43.323906666666666,ida,0.0,355A1 - MADUREIRA - PRAÇA TIRADENTES,1.496342681E12
86007,-22.86024166666667,210.0,853V1,-43.50831333333334,ida,28.1504,853V1 - VILA KENNEDY X MATO ALTO,1.511236322E12
30526,-22.87959166666667,3542.0,5707A1,-43.356815,ida,1.0,41 - Recreio x Terminal Madureira (Expresso),1.489414018E12
86024,-22.894153333333332,208.0,854B1,-43.533809999999995,ida,0.0,854B1- CAMPO GRANDE X MATO ALTO,1.510748824E12
86840,-22.901835,132.0,5805A1,-43.554586666666665,ida,0.0,17- CAMPO GRANDE X SANTA CRUZ ( PARADOR ),1.510684498E12
30058,-22.952191666666668,4331.0,000,-43.349515000000004,ida,0.0,SEM SERVIÇO - IDA,1.511234936E12
22022,-23.001825,0.0,0.0,-43.36531333333333,,0.0,,1.511235946E12
816527,-22.974928333333335,0.0,0.0,-43.36729666666667,,0.0,,1.503427937E12
39722,-22.81163833333333,0.0,0.0,-43.33187000000001,,0.0,,1.494622377E12
86391,-22.895681666666665,278.0,853A1,-43.53325499999999,ida,0.0,853A1- VILA KENNEDY X MATO ALTO,1.511236029E12
22035,-22.95767,4331.0,000,-43.34651,ida,0.5556,SEM SERVIÇO - IDA,1.503668158E12
44602,-22.86068833333333,162.0,721A1,-43.35616333333334,ida,0.0,721A1 - VILA CRUZEIRO XCASCADURA,1.511236056E12
352582,-22.97529833333333,0.0,0.0,-43.36715333333335,,0.0,,1.501524148E12
87568,-22.920065,120.0,5801A1,-43.60802833333333,ida,0.0,12 - PINGO D'AGUA X ALVORADA ( EXPRESSO ),1.511236283E12
30522,-22.751596666666668,108.0,5702A1,-43.286945,ida,0.0,35 - MADUREIRA X ALVORADA ( PARADOR ) - ida,1.510311748E12
30224,-22.879496666666668,4782.0,LECD23,-43.35700833333333,volta,0.3704,LECD23 (MADUREIRA X FREGUESIA - VIA CASCADURA),1.511236308E12
47885,-22.953253333333336,116.0,610A1,-43.350514999999994,ida,0.0,610A1 - BRT TANQUE X DEL CASTILHO,1.511236207E12
87386,-22.91823833333334,225.0,879A1,-43.60756333333334,ida,0.1852,879A1 - CAMPO GRANDE X MAGARÇA,1.511235916E12
86298,-22.893453333333333,288.0,897A1,-43.53238666666666,volta,0.0,897A1-PINGO D'AGUA X PACIÊNCIA,1.511235785E12
369793,-22.975506666666668,0.0,0.0,-43.367148333333326,,2.0372,,1.506436762E12
87426,-22.918215,238.0,891A1,-43.607861666666665,ida,0.0,891A1 - SEPETIBA X MATO ALTO,1.505192703E12
86283,-22.896148333333333,229.0,883A1,-43.53302999999999,ida,0.0,883A1 - BANGU X MATO ALTO,1.511236027E12
22045,-22.95771,241.0,991A1,-43.34609333333334,volta,0.0,991A1 - ALVORADA X TAQUARA,1.511235873E12
816702,-22.975128333333334,0.0,0.0,-43.36718833333333,,0.0,,1.503073891E12
13421,-23.001826666666666,4331.0,000,-43.366368333333334,ida,0.0,SEM SERVIÇO - IDA,1.511234611E12
348520,-22.975146666666667,0.0,0.0,-43.36709166666666,,1.4816,,1.502216894E12
86832,-22.895875,4807.0,25,-43.532675,ida,0.0,25 - MATO ALTO X J.OCEÂNICO,1.511236292E12
86888,-22.896338333333333,104.0,5800N1,-43.532266666666665,ida,0.0,11 - SANTA CRUZ X ALVORADA,1.511178112E12
22056,-22.990009999999998,3901.0,827A1,-43.453120000000006,volta,56.486000000000004,827A1 - VARGEM GRANDE X RECREIO,1.511236309E12
PKP008 -LUS4036,-22.999221,0.0,0.0,-43.385673,,0.0,,1.509446429E12
44701,-22.860685,3543.0,5707A1,-43.35537166666667,volta,0.0,41 - Terminal Madureira x Terminal Recreio  (Expresso),1.51123573E12
47855,-22.99226666666667,0.0,0.0,-43.25180999999999,,3.704,,1.510673595E12
86834,-22.894425,121.0,5801A1,-43.5315,volta,0.0,12 - ALVORADA X PINGO D'AGUA ( EXPRESSO ),1.511236223E12
87379,-22.918198333333333,2527.0,873A1,-43.60838833333334,ida,0.0,873A1- PACIENCIA x CAMPO GRANDE ( VIA GOUVÊIAS ),1.509203864E12
27169,-22.953955,4746.0,38,-43.375835,volta,25.0,38 - FUNDÃO X ALVORADA (PARADOR),1.511236315E12
22040,-22.958225000000002,241.0,991A1,-43.345816666666664,volta,0.0,991A1 - ALVORADA X TAQUARA,1.511236303E12
53537,-22.883468333333333,271.0,858A1,-43.495431666666676,ida,0.0,858A1 - SÃO FERNANDO X PACIÊNCIA,1.511236131E12
75574,-22.83101666666666,4054.0,928A1,-43.32395,ida,0.1852,928A1 - RAMOS X MARECHAL HERMES (CIRCULAR),1.493251335E12
87421,-22.9167,243.0,896A1,-43.60804666666666,volta,0.0,896A1 - MATO ALTO X PDG,1.511236304E12
817045,-22.97539666666667,0.0,0.0,-43.36709166666667,,0.0,,1.503507737E12
86809,-22.933435,132.0,5805A1,-43.66214166666666,ida,0.0,17- CAMPO GRANDE X SANTA CRUZ ( PARADOR ),1.511236314E12
13415,-22.95234,3061.0,034,-43.34946333333333,ida,0.0,31 - Alvorada x Vicente de Carvalho ( Semi direto ),1.510401275E12
22017,-22.95750333333333,146.0,5704A1,-43.345475,ida,0.0,36 - FUNDÃO X ALVORADA ( EXPRESSO ),1.510229004E12
30243,-22.950743333333335,3087.0,954A1,-43.34793499999999,volta,0.0,954A1  - TAQUARA X RECREIO,1.511235121E12
30524,-22.982116666666666,3552.0,5850A1,-43.410595,volta,13.0,51 - Vila Militar x T. Recreio (Parador),1.510748784E12
22019,-22.956811666666667,105.0,5800N1,-43.34609833333333,volta,5.0,11 - ALVORADA X SANTA CRUZ,1.511236039E12
10301,-22.814913333333333,146.0,5704A1,-43.18780833333334,ida,0.0,36 - FUNDÃO X ALVORADA ( EXPRESSO ),1.511235537E12
86359,-22.895044999999996,208.0,854B1,-43.53290833333334,ida,0.0,854B1- CAMPO GRANDE X MATO ALTO,1.511236321E12
854030,-22.975241666666665,0.0,0.0,-43.36711666666667,,0.0,,1.503426633E12
86842,-22.895435,113.0,5802A1,-43.53250833333333,volta,0.0,13- ALVORADA X  MATO ALTO ( EXPRESSO ),1.511235661E12
39603,-22.97511666666667,0.0,0.0,-43.36758,,2.5928,,1.494011556E12
30097,-22.879641666666664,230.0,882A1,-43.35712999999999,ida,0.0,882A1 - TANQUE X ALVORADA,1.511236089E12
22055,-22.957271666666664,3899.0,817A1,-43.345036666666665,volta,0.1852,817A1 - VARGEM GRANDE X RECREIO,1.511236311E12
854302,-22.97565833333333,0.0,0.0,-43.36723833333333,,0.0,,1.503347714E12
39823,-22.895481666666665,3495.0,076,-43.532756666666664,unico,0.0,TERMINAL JARDIM OCEÂNICO X CENTRAL ( NOTURNO ),1.498808286E12
44708,-22.861055,3533.0,22,-43.35552833333333,ida,0.0,22 - ALVORADA X JARDIM OCEÂNICO ( PARADOR ),1.503543901E12
13404,-23.002518333333335,281.0,5700A1,-43.365901666666666,ida,0.0,30 - ALVORADA X GALEÃO ( SEMI - DIRETO),1.511235356E12
86295,-22.89690333333333,288.0,897A1,-43.53251166666667,volta,0.0,897A1-PINGO D'AGUA X PACIÊNCIA,1.511235274E12
50192,-22.929243333333336,4331.0,000,-43.25336666666666,ida,0.0,SEM SERVIÇO - IDA,1.500008344E12
22037,-22.957273333333333,4331.0,000,-43.345853333333345,ida,0.0,SEM SERVIÇO - IDA,1.511079483E12
10109,-22.814784999999997,0.0,0.0,-43.18733833333332,,0.3704,,1.511235978E12
87573,-22.920591666666667,4331.0,000,-43.607435,ida,0.0,SEM SERVIÇO - IDA,1.511236317E12
515012,-22.975581666666667,0.0,0.0,-43.367086666666665,,0.3704,,1.501096265E12
30506,-22.999888333333335,105.0,5800N1,-43.40678666666667,volta,34.0,11 - ALVORADA X SANTA CRUZ,1.511236244E12
27207,-22.849903333333334,109.0,5702A1,-43.32258,volta,0.0,35 - ALVORADA  X  MADUREIRA ( PARADOR ) - Volta,1.511235829E12
816816,-22.975211666666667,0.0,0.0,-43.36712833333333,,0.0,,1.502998644E12
53687,-22.88449333333333,132.0,5805A1,-43.49530166666667,ida,0.0,17- CAMPO GRANDE X SANTA CRUZ ( PARADOR ),1.511234805E12
39747,-22.97522666666667,0.0,0.0,-43.36749166666665,,2.4076,,1.494007872E12
22026,-23.000986666666666,3310.0,50,-43.36453,ida,26.0,50 - Terminal Olimpico x Jardim Oceânico ( Parador ),1.511224843E12
856439,-22.975361666666668,0.0,0.0,-43.367153333333334,,0.0,,1.50352083E12
86305,-22.894666666666662,210.0,853V1,-43.53281666666667,ida,0.0,853V1 - VILA KENNEDY X MATO ALTO,1.511236294E12
47514,-22.952606666666664,241.0,991A1,-43.34917166666667,volta,0.0,991A1 - ALVORADA X TAQUARA,1.511234805E12
39660,-22.965195,4001.0,832A1,-43.39133666666667,ida,0.3704,832A1 - ALVORADA X TAQUARA,1.49266852E12
39560,-22.957632,0.0,0.0,-43.346523,,0.0,,1.504708112E12
50012,-22.993071666666665,0.0,0.0,-43.30288166666666,,47.226,,1.510617876E12
86299,-22.895523333333337,277.0,853A1,-43.532666666666664,volta,0.0,853A1 -MATO ALTO x  VILA KENNEDY,1.511236293E12
10073,-22.81492166666667,0.0,0.0,-43.1872,,1.852,,1.511235685E12
367003,-22.992461666666667,0.0,0.0,-43.24904666666668,,41.2996,,1.501779731E12
12740,-22.85478,4049.0,42,-43.252105,ida,2.0,42 - FUNDÃO X DIVINA PROVIDÊNCIA (PARADOR),1.51123613E12
833233,-22.975381666666667,0.0,0.0,-43.36714,,0.0,,1.503344368E12
13419,-22.88008333333333,4331.0,000,-43.357438333333334,ida,0.0,SEM SERVIÇO - IDA,1.51123535E12
87419,-22.917141666666666,225.0,879A1,-43.60844166666667,ida,0.3704,879A1 - CAMPO GRANDE X MAGARÇA,1.511234676E12
87163,-22.916758333333338,238.0,891A1,-43.607960000000006,ida,0.0,891A1 - SEPETIBA X MATO ALTO,1.511235978E12
833258,-22.975311666666666,0.0,0.0,-43.36711833333333,,0.0,,1.503349708E12
857051,-22.975206666666665,0.0,0.0,-43.36712333333333,,0.0,,1.503511282E12
86851,-22.896961666666666,132.0,5805A1,-43.532601666666665,ida,0.0,17- CAMPO GRANDE X SANTA CRUZ ( PARADOR ),1.51123599E12
12715,-22.959633333333333,148.0,5704N1,-43.39523333333333,ida,0.0,5704N1- FUNDÃO X ALVORADA,1.511235129E12
39601,-22.96476666666667,3907.0,856A1,-43.39187333333333,volta,0.0,856A1- T. CENTRO OLÍMPICO X TAQUARA,1.484524256E12
87556,-22.920571666666667,128.0,5804A1,-43.607245,ida,0.0,15 - PACIÊNCIA X SALVADOR ALLENDE ( EXPRESSO ),1.511236316E12
10071,-22.81559666666667,3911.0,910A,-43.18725000000001,ida,0.5556,910N1 - IDA - BANANAL X VAZ LOBO,1.511236312E12
50013,-22.96017,0.0,0.0,-43.395439999999994,,0.1852,,1.511236324E12
350056,-22.975350000000002,0.0,0.0,-43.367155000000004,,1.2964,,1.502741397E12
857050,-22.97543,0.0,0.0,-43.367075,,0.0,,1.503438855E12
512425,-22.975230000000003,0.0,0.0,-43.36718166666666,,0.1852,,1.500573522E12
39759,-22.97525,0.0,0.0,-43.36746333333334,,0.926,,1.494010952E12
86365,-22.894333333333332,276.0,SR872A1,-43.53292166666667,ida,0.0,SR872A1 - CESARÃO III X SEPETIBA,1.511236305E12
86291,-22.896378333333338,226.0,855A1,-43.53299333333333,ida,0.0,855A1 - BANGU X MAGARÇA,1.51123631E12
87051,-22.917078333333333,0.0,0.0,-43.60835166666667,,0.3704,,1.511236309E12
47019,-23.002215,281.0,5700A1,-43.36596,ida,0.0,30 - ALVORADA X GALEÃO ( SEMI - DIRETO),1.511236315E12
47002,-23.002255,3310.0,50,-43.36620166666667,ida,0.0,50 - Terminal Olimpico x Jardim Oceânico ( Parador ),1.511236319E12
30540,-23.000733333333333,281.0,5700A1,-43.365988333333334,ida,0.0,30 - ALVORADA X GALEÃO ( SEMI - DIRETO),1.511235659E12
857045,-22.975138333333334,0.0,0.0,-43.367108333333334,,0.0,,1.503346411E12
39577,-22.97527166666666,0.0,0.0,-43.36752666666668,,0.0,,1.494010914E12
75654,-22.831286666666664,4057.0,355A1,-43.323453333333326,volta,0.0,355A1 - PRAÇA TIRADENTES X MADUREIRA,1.511235847E12
12735,-22.854208333333332,282.0,5700A1,-43.25186,volta,0.0,30 - GALEÃO X ALVORADA ( SEMI - DIRETO),1.511108292E12
50151,-22.91667166666667,126.0,008,-43.57926166666666,ida,15.1864,008 - RECREIO X ALVORADA ( EXPRESSO ),1.500465623E12
53671,-22.883485000000004,0.0,0.0,-43.49525333333333,,0.0,,1.501046679E12
44738,-22.849755000000002,105.0,5800N1,-43.32341666666667,volta,1.0,11 - ALVORADA X SANTA CRUZ,1.511235704E12
86813,-22.895826666666668,4807.0,25,-43.53263333333334,ida,0.0,25 - MATO ALTO X J.OCEÂNICO,1.511236208E12
47892,-22.9517,116.0,610A1,-43.348731666666666,ida,0.0,610A1 - BRT TANQUE X DEL CASTILHO,1.511235481E12
30534,-23.008245,3542.0,5707A1,-43.439951666666666,ida,29.0,41 - Recreio x Terminal Madureira (Expresso),1.510675334E12
86822,-22.896155,0.0,0.0,-43.5322,,0.0,,1.511236149E12
10085,-22.801444999999998,3911.0,910A,-43.182241666666656,ida,40.3736,910N1 - IDA - BANANAL X VAZ LOBO,1.510828191E12
12704,-22.854615,4050.0,42,-43.251763333333344,volta,0.0,42 -  DIVINA PROVIDÊNCIA X FUNDÃO(PARADOR),1.511235045E12
842671,-22.974638333333335,0.0,0.0,-43.36705333333333,,1.0,,1.503078325E12
12723,-22.95982,4333.0,53,-43.39530166666667,volta,0.0,53 - SULACAP X J. OCEÂNICO ( EXPRESSO ),1.510679899E12
44734,-22.84964,108.0,5702A1,-43.323445,ida,0.0,35 - MADUREIRA X ALVORADA ( PARADOR ) - ida,1.511226435E12
30373,-22.880145000000002,1409.0,877A1,-43.357575,ida,0.0,877A1 - TANQUE X RIO DAS PEDRAS,1.511235724E12
86829,-22.914181666666668,133.0,5805A1,-43.601895,volta,29.0,17- SANTA CRUZ X CAMPO GRANDE ( PARADOR ),1.511236317E12
87381,-23.002045,242.0,896A1,-43.63670833333334,ida,43.336800000000004,896A1 - PDG X MATO ALTO,1.508779413E12
75657,-22.83101166666667,4056.0,355A1,-43.323975000000004,ida,0.0,355A1 - MADUREIRA - PRAÇA TIRADENTES,1.508949995E12
87560,-22.92057,107.0,5800A1,-43.607481666666665,volta,0.0,10 - ALVORADA X SANTA CRUZ ( EXPRESSO ),1.511236306E12
75645,-22.80496333333333,4331.0,000,-43.33345666666667,ida,0.0,SEM SERVIÇO - IDA,1.511235798E12
13427,-23.018961666666666,4809.0,21A,-43.50546666666666,ida,0.0,21A - RECREIO SHOPPING X JO (PARADOR),1.510742806E12
853995,-22.97543,0.0,0.0,-43.367158333333336,,0.0,,1.503154228E12
47734,-22.951886666666663,118.0,953A1,-43.34988833333333,ida,0.0,953A1 - CIDADE DE DEUS X TAQUARA,1.511236295E12
815689,-22.974991666666668,0.0,0.0,-43.36723333333333,,0.0,,1.503515839E12
86835,-22.895948333333333,106.0,5800A1,-43.532911666666664,ida,0.0,10- SANTA CRUZ X ALVORADA ( EXPRESSO ),1.510748523E12
13425,-23.001853333333333,4808.0,25,-43.366886666666666,volta,0.0,25 - J.OCEÂNICO X MATO ALTO,1.511236155E12
47712,-22.95320166666667,241.0,991A1,-43.350511666666655,volta,0.0,991A1 - ALVORADA X TAQUARA,1.511234993E12
12725,-22.959495,4331.0,000,-43.39514333333333,ida,0.0,SEM SERVIÇO - IDA,1.511236215E12
86266,-22.894763333333337,393.0,916A1,-43.53265833333333,volta,0.0,916A1 - BONSUCESS0 X MADUREIRA,1.511107227E12
50037,-22.960665000000002,0.0,0.0,-43.39554000000001,,0.0,,1.511235108E12
847122,-22.975116666666665,0.0,0.0,-43.367126666666664,,0.0,,1.502980878E12
50310,-22.854741666666666,3552.0,5850A1,-43.25179166666667,volta,0.0,51 - Vila Militar x T. Recreio (Parador),1.511235905E12
86297,-22.89650166666667,228.0,883A1,-43.53293,volta,0.0,883A1 - MATO ALTO X BANGU,1.511236317E12
87342,-22.918069999999997,204.0,828A1,-43.608088333333335,ida,0.0,828A1 - SÃO JORGE X CAMPO GRANDE,1.506966966E12
30032,-22.951528333333332,4331.0,000,-43.34866833333332,ida,0.0,SEM SERVIÇO - IDA,1.511235843E12
30177,-22.88053,257.0,932A1,-43.357501666666664,volta,0.0,932A1 - TANQUE X GARDÊNIA AZUL,1.511236056E12
13406,-22.880276666666667,108.0,5702A1,-43.35693833333333,ida,0.0,35 - MADUREIRA X ALVORADA ( PARADOR ) - ida,1.511236081E12
50068,-21.900281666666668,4001.0,832A1,-43.31151999999999,ida,91.674,832A1 - ALVORADA X TAQUARA,1.511236284E12
86053,-22.893825,277.0,853A1,-43.532033333333324,volta,0.0,853A1 -MATO ALTO x  VILA KENNEDY,1.511236324E12
86350,-22.993635,277.0,853A1,-43.59722166666667,volta,0.0,853A1 -MATO ALTO x  VILA KENNEDY,1.510748611E12
TESTE COPILOTO,-23.000843333333332,3310.0,50,-43.366886666666666,ida,0.0,50 - Terminal Olimpico x Jardim Oceânico ( Parador ),1.510839632E12
10013,-22.814869999999996,0.0,0.0,-43.18728666666666,,1.6668,,1.51002595E12
87093,-22.919035,271.0,858A1,-43.60845833333333,ida,0.0,858A1 - SÃO FERNANDO X PACIÊNCIA,1.511093084E12
47010,-23.002518333333335,281.0,5700A1,-43.366225,ida,0.0,30 - ALVORADA X GALEÃO ( SEMI - DIRETO),1.511236247E12
87383,-22.917228333333334,239.0,891A1,-43.60838666666667,volta,0.1852,891A1 - MATO ALTO X SEPETIBA,1.511235682E12
86836,-22.895738333333334,120.0,5801A1,-43.532563333333336,ida,0.0,12 - PINGO D'AGUA X ALVORADA ( EXPRESSO ),1.511235578E12
22050,-22.958003333333334,3899.0,817A1,-43.34597666666665,volta,2.5928,817A1 - VARGEM GRANDE X RECREIO,1.511235242E12
MK011 -LRH-7109,-22.9948,0.0,0.0,-43.393825,,0.0,,1.511236298E12
22008,-22.95762,4745.0,38,-43.34594166666667,ida,0.0,38 - ALVORADA X FUNDÃO (PARADOR),1.511235888E12
86826,-22.895965,106.0,5800A1,-43.53284166666667,ida,0.0,10- SANTA CRUZ X ALVORADA ( EXPRESSO ),1.511235375E12
47711,-22.952465,0.0,0.0,-43.349048333333336,,0.3704,,1.511236277E12
75583,-22.831108333333336,4057.0,355A1,-43.323820000000005,volta,0.5556,355A1 - PRAÇA TIRADENTES X MADUREIRA,1.509189407E12
30033,-22.940951666666667,4331.0,000,-43.344325,ida,22.038800000000002,SEM SERVIÇO - IDA,1.511100923E12
815786,-22.975025,0.0,0.0,-43.367095,,0.0,,1.502923647E12
854117,-22.975693333333332,0.0,0.0,-43.367068333333336,,0.0,,1.503507685E12
47028,-22.880318333333335,147.0,5704A1,-43.35693833333333,volta,0.0,36 - ALVORADA X FUNDÃO ( EXPRESSO ),1.511236061E12
47554,-22.880115,4331.0,000,-43.35706333333334,ida,0.3704,SEM SERVIÇO - IDA,1.511234991E12
86286,-22.89563333333333,228.0,883A1,-43.532795,volta,0.3704,883A1 - MATO ALTO X BANGU,1.511234773E12
39826,-22.945278333333334,129.0,5804A1,-43.658415,volta,64.0,15 - SALVADOR ALLENDE X PACIÊNCIA ( EXPRESSO ),1.49909604E12
39522,-22.96444,3822.0,810A,-43.39214666666667,volta,0.3704,810A1 - PONTAL X TAQUARA,1.482490836E12
87589,-22.920261666666665,133.0,5805A1,-43.608286666666665,volta,0.0,17- SANTA CRUZ X CAMPO GRANDE ( PARADOR ),1.511236324E12
86348,-22.89408166666666,210.0,853V1,-43.533235,ida,0.0,853V1 - VILA KENNEDY X MATO ALTO,1.511236302E12
39746,-22.95781833333333,2560.0,055,-43.346118333333315,ida,0.0,055 - MADUREIRA X GALEÃO ( PARADOR ),1.496890001E12
VAN003 - KWB 9798,-23.000738,0.0,0.0,-43.363644,,0.0,,1.511233447E12
22052,-22.957135,4949.0,SV823A,-43.34620333333332,ida,0.0,SV823A - Terminal Recreio x Vargem Grande (Via Estr. do Pontal / Av. das Américas),1.511235248E12
22049,-22.957831666666667,3901.0,827A1,-43.34641000000001,volta,0.0,827A1 - VARGEM GRANDE X RECREIO,1.511236326E12
12729,-22.960031666666666,282.0,5700A1,-43.39575333333333,volta,0.0,30 - GALEÃO X ALVORADA ( SEMI - DIRETO),1.511236182E12
22011,-22.957533333333334,4333.0,53,-43.34529666666667,volta,0.0,53 - SULACAP X J. OCEÂNICO ( EXPRESSO ),1.511235924E12
515480,-22.975270000000002,0.0,0.0,-43.367136666666674,,0.3704,,1.504712048E12
47761,-22.953241666666667,2407.0,939A,-43.350205,ida,0.0,939A - TANQUE X GARDÊNIA AZUL,1.511234948E12
30529,-22.952726666666667,107.0,5800A1,-43.34899166666667,volta,0.0,10 - ALVORADA X SANTA CRUZ ( EXPRESSO ),1.511234952E12
47893,-22.915493333333334,116.0,610A1,-43.36083166666667,ida,0.5556,610A1 - BRT TANQUE X DEL CASTILHO,1.510669744E12
22003,-22.957996666666666,3552.0,5850A1,-43.346248333333335,volta,0.0,51 - Vila Militar x T. Recreio (Parador),1.511234593E12
86828,-22.894443333333335,106.0,5800A1,-43.532788333333336,ida,8.0,10- SANTA CRUZ X ALVORADA ( EXPRESSO ),1.511235513E12
13428,-23.002185,4050.0,42,-43.366385,volta,0.0,42 -  DIVINA PROVIDÊNCIA X FUNDÃO(PARADOR),1.511206937E12
39805,-23.00856,3495.0,076,-43.44020833333333,unico,2.0,TERMINAL JARDIM OCEÂNICO X CENTRAL ( NOTURNO ),1.497468621E12
44626,-22.86079333333333,162.0,721A1,-43.35553333333334,ida,0.0,721A1 - VILA CRUZEIRO XCASCADURA,1.5112357E12
39824,-22.96579,3495.0,076,-43.39152833333333,unico,0.0,TERMINAL JARDIM OCEÂNICO X CENTRAL ( NOTURNO ),1.49607551E12
27176,-22.84969,0.0,0.0,-43.308173333333336,,42.0,,1.511236313E12
854173,-22.975308333333334,0.0,0.0,-43.367171666666664,,0.0,,1.503520944E12
39817,-22.89581,3495.0,076,-43.532975,unico,0.0,TERMINAL JARDIM OCEÂNICO X CENTRAL ( NOTURNO ),1.497419814E12
856630,-22.97519,0.0,0.0,-43.367145,,0.0,,1.503519632E12
30520,-23.002098333333333,147.0,5704A1,-43.36618333333333,volta,0.0,36 - ALVORADA X FUNDÃO ( EXPRESSO ),1.511234914E12
22042,-22.945061666666668,241.0,991A1,-43.36419833333333,volta,47.9668,991A1 - ALVORADA X TAQUARA,1.511236311E12
27205,-22.849413333333334,108.0,5702A1,-43.323125,ida,0.0,35 - MADUREIRA X ALVORADA ( PARADOR ) - ida,1.511236248E12
87061,-22.91937333333334,225.0,879A1,-43.60819666666666,ida,0.0,879A1 - CAMPO GRANDE X MAGARÇA,1.49428244E12
30537,-23.002158333333334,109.0,5702A1,-43.36647166666667,volta,0.0,35 - ALVORADA  X  MADUREIRA ( PARADOR ) - Volta,1.511236106E12
369184,-22.97533333333333,0.0,0.0,-43.367090000000005,,1.852,,1.501612455E12
12716,-23.008356666666668,4027.0,5850N1,-43.44045333333333,ida,0.0,5850N1 -T. RECREIO X VILA MILITAR,1.511236293E12
87388,-22.918231666666664,0.0,0.0,-43.60790166666667,,0.0,,1.505192997E12
87552,-22.920066666666667,128.0,5804A1,-43.608018333333334,ida,0.0,15 - PACIÊNCIA X SALVADOR ALLENDE ( EXPRESSO ),1.511234626E12
10192,-22.815606666666667,0.0,0.0,-43.18651333333334,,0.0,,1.510021958E12
75635,-22.830315000000002,4054.0,928A1,-43.32403166666666,ida,0.0,928A1 - RAMOS X MARECHAL HERMES (CIRCULAR),1.51123494E12
87150,-22.917668333333335,2526.0,873A1,-43.607646666666675,volta,0.0,873A1 - CAMPO GRANDE x PACIÊNCIA ( VIA GOUVÊIAS ),1.5109041E12
856398,-22.975233333333332,0.0,0.0,-43.367131666666666,,0.0,,1.509364314E12
22054,-23.011815000000002,4950.0,SV823A,-43.513648333333336,volta,32.410000000000004,SV823A - Vargem Grande x Terminal Recreio  (Via Estr. do Pontal / Av. das Américas),1.510748089E12
27208,-22.84964,4331.0,000,-43.32291333333333,ida,0.0,SEM SERVIÇO - IDA,1.51123601E12
47551,-22.953175,939A,-43.350505000000005,volta,0.0,939A - GARDÊNIA AZUL  X  TANQUE,1.511235199E12
41433,-22.854358333333334,4049.0,42,-43.25139,ida,0.0,42 - FUNDÃO X DIVINA PROVIDÊNCIA (PARADOR),1.5112361E12
12714,-22.959085,282.0,5700A1,-43.38507,volta,45.0,30 - GALEÃO X ALVORADA ( SEMI - DIRETO),1.511236306E12
75661,-22.83133,0.0,0.0,-43.32352833333334,,0.0,,1.486658256E12
82660,-22.86142333333333,0.0,0.0,-43.36905166666666,,41.67,,1.506766316E12
30006,-22.879463333333334,257.0,932A1,-43.357085000000005,volta,0.0,932A1 - TANQUE X GARDÊNIA AZUL,1.511235325E12
30532,-23.000923333333333,109.0,5702A1,-43.36499166666667,volta,0.0,35 - ALVORADA  X  MADUREIRA ( PARADOR ) - Volta,1.511233437E12
30148,-22.88065,4781.0,LECD23,-43.35804000000001,ida,0.0,LECD23 (FREGUESIA X MADUREIRA VIA CASCADURA),1.511235239E12
30127,-22.880045000000003,4331.0,000,-43.35718,ida,0.0,SEM SERVIÇO - IDA,1.511235662E12
30542,-23.001806666666667,4808.0,25,-43.36663,volta,0.0,25 - J.OCEÂNICO X MATO ALTO,1.511235989E12
856487,-22.975311666666666,0.0,0.0,-43.367111666666666,,0.0,,1.500928644E12
39513,-22.97518666666667,0.0,0.0,-43.36746833333333,,3.1484,,1.494007895E12
12736,-22.854681666666668,3815.0,40,-43.251871666666666,ida,0.0,40 - MADUREIRA X JARDIM OCEÂNICO ( EXPRESSO ),1.510748539E12
86390,-22.914929999999995,211.0,853V1,-43.563269999999996,volta,25.1872,853V1 - MATO ALTO X VILA KENNEDY,1.510669784E12
87420,-22.916919999999998,238.0,891A1,-43.607656666666664,ida,0.0,891A1 - SEPETIBA X MATO ALTO,1.508877627E12
30173,-22.880061666666666,4782.0,LECD23,-43.35752333333333,volta,0.0,LECD23 (MADUREIRA X FREGUESIA - VIA CASCADURA),1.511235306E12
10100,-22.815099999999997,3912.0,910A,-43.186939999999986,volta,0.1852,910N1 VOLTA - VAZ LOBO X BANANAL,1.511234947E12
75615,-22.830409999999997,4055.0,928A1,-43.32420500000001,volta,0.0,928A1 -  MARECHAL HERMES X RAMOS(CIRCULAR),1.511235022E12
39755,-22.97516,0.0,0.0,-43.36743166666665,,5.3708,,1.494003604E12
87059,-22.919846666666665,0.0,0.0,-43.60858666666666,,0.0,,1.508365843E12
86231,-22.893894999999997,227.0,855A1,-43.533494999999995,volta,0.0,855A1 - MAGARÇA X BANGU,1.511236033E12
857068,-22.975183333333334,0.0,0.0,-43.36716166666667,,0.0,,1.503437954E12
44534,-22.860459999999996,162.0,721A1,-43.35562999999999,ida,0.0,721A1 - VILA CRUZEIRO XCASCADURA,1.511236144E12
86844,-22.895956666666667,106.0,5800A1,-43.53281833333333,ida,0.0,10- SANTA CRUZ X ALVORADA ( EXPRESSO ),1.511235257E12
86235,-22.894008333333332,209.0,854B1,-43.53365999999999,volta,0.0,854B1 - MATO ALTO X  CAMPO GRANDE,1.511235373E12
30513,-23.00214,4331.0,000,-43.36680833333333,ida,0.0,SEM SERVIÇO - IDA,1.511235358E12
86101,-22.89508,229.0,883A1,-43.53295833333333,ida,0.3704,883A1 - BANGU X MATO ALTO,1.511235916E12
47738,-22.953073333333336,119.0,953A1,-43.350616666666674,volta,0.0,953A1 - TAQUARA X CIDADE DE DEUS,1.511235219E12
44739,-22.849755000000002,147.0,5704A1,-43.322608333333335,volta,0.0,36 - ALVORADA X FUNDÃO ( EXPRESSO ),1.511236211E12
86108,-22.91964666666667,209.0,854B1,-43.551308333333324,volta,47.4112,854B1 - MATO ALTO X  CAMPO GRANDE,1.511236294E12
854163,-22.974185,0.0,0.0,-43.36837,,0.0,,1.503514934E12
87578,-22.920708333333334,4331.0,000,-43.60797,ida,0.0,SEM SERVIÇO - IDA,1.50941077E12
10042,-22.815135,0.0,0.0,-43.18717999999999,,0.1852,,1.510024818E12
86265,-22.893456666666665,393.0,916A1,-43.531816666666664,volta,0.0,916A1 - BONSUCESS0 X MADUREIRA,1.511235272E12
30166,-22.87938,4782.0,LECD23,-43.35700999999999,volta,0.0,LECD23 (MADUREIRA X FREGUESIA - VIA CASCADURA),1.511235979E12
53529,-22.883435000000002,271.0,858A1,-43.495239999999995,ida,0.0,858A1 - SÃO FERNANDO X PACIÊNCIA,1.511235407E12
854244,-22.975896666666667,0.0,0.0,-43.367155,,0.0,,1.502995767E12
44507,-22.860639999999997,162.0,721A1,-43.35572666666667,ida,0.0,721A1 - VILA CRUZEIRO XCASCADURA,1.511235969E12
857046,-22.975431666666665,0.0,0.0,-43.367045,,0.0,,1.503503662E12
30179,-22.879996666666663,1409.0,877A1,-43.357715000000006,ida,1.6668,877A1 - TANQUE X RIO DAS PEDRAS,1.51042498E12
39721,-22.96510666666666,0.0,0.0,-43.39150666666668,,0.3704,,1.479921626E12
86357,-22.893705,226.0,855A1,-43.532178333333334,ida,0.0,855A1 - BANGU X MAGARÇA,1.511235208E12
87594,-22.804565,0.0,0.0,-43.30648333333333,,0.0,,1.510924311E12
10303,-22.814785,4049.0,42,-43.1877,ida,0.0,42 - FUNDÃO X DIVINA PROVIDÊNCIA (PARADOR),1.511235873E12
86857,-22.896156666666666,4807.0,25,-43.532268333333334,ida,0.0,25 - MATO ALTO X J.OCEÂNICO,1.511236162E12
22032,-22.957291666666666,0.0,0.0,-43.34496166666668,,0.0,,1.511232959E12
87547,-22.920661666666668,120.0,5801A1,-43.60771,ida,4.0,12 - PINGO D'AGUA X ALVORADA ( EXPRESSO ),1.510376802E12
854133,-22.97543,0.0,0.0,-43.367043333333335,,0.0,,1.500930559E12
PKP016 -KQK8935,-23.008069,0.0,0.0,-43.442474,,0.0,,1.511234951E12
87583,-22.91735,106.0,5800A1,-43.68447333333334,ida,0.0,10- SANTA CRUZ X ALVORADA ( EXPRESSO ),1.511236322E12
12722,-22.95978,3310.0,50,-43.39543333333334,ida,0.0,50 - Terminal Olimpico x Jardim Oceânico ( Parador ),1.511235939E12
27202,-22.898573333333335,4050.0,42,-43.35288,volta,47.0,42 -  DIVINA PROVIDÊNCIA X FUNDÃO(PARADOR),1.510748649E12
856458,-22.975203333333333,0.0,0.0,-43.36718333333334,,0.0,,1.503517413E12
30196,-22.945965,256.0,932A1,-43.33647166666666,ida,15.3716,932A1 - GARDÊNIA AZUL X TANQUE,1.51068399E12
44705,-22.849758333333334,109.0,5702A1,-43.32322833333333,volta,0.0,35 - ALVORADA  X  MADUREIRA ( PARADOR ) - Volta,1.511236037E12
856478,-22.97523,0.0,0.0,-43.36712,,0.0,,1.503515069E12
30504,-23.00209,109.0,5702A1,-43.36632,volta,0.0,35 - ALVORADA  X  MADUREIRA ( PARADOR ) - Volta,1.511236145E12
47599,-22.952993333333332,939A,-43.35062166666667,volta,0.0,939A - GARDÊNIA AZUL  X  TANQUE,1.511235878E12
75521,-22.831408333333336,4057.0,355A1,-43.32418166666666,volta,0.5556,355A1 - PRAÇA TIRADENTES X MADUREIRA,1.511236311E12
856962,-22.975296666666665,0.0,0.0,-43.36709833333333,,0.0,,1.50298076E12
87480,-22.916578333333337,238.0,891A1,-43.608401666666666,ida,0.5556,891A1 - SEPETIBA X MATO ALTO,1.510682049E12
44542,-22.86101833333333,4331.0,000,-43.355501666666655,ida,0.1852,SEM SERVIÇO - IDA,1.511234798E12
30357,-22.88047333333333,230.0,882A1,-43.35752833333333,ida,0.0,882A1 - TANQUE X ALVORADA,1.51123494E12
86003,-22.896648333333328,229.0,883A1,-43.532851666666666,ida,0.0,883A1 - BANGU X MATO ALTO,1.510748663E12
27174,-22.849626666666666,4050.0,42,-43.322875,volta,0.0,42 -  DIVINA PROVIDÊNCIA X FUNDÃO(PARADOR),1.511235799E12
86825,-22.895958333333333,4808.0,25,-43.53277166666667,volta,0.0,25 - J.OCEÂNICO X MATO ALTO,1.511236148E12
10302,-22.81484,4049.0,42,-43.187605,ida,0.0,42 - FUNDÃO X DIVINA PROVIDÊNCIA (PARADOR),1.511235241E12
47730,-22.953076666666668,241.0,991A1,-43.35039333333334,volta,0.0,991A1 - ALVORADA X TAQUARA,1.511235004E12
22124,-22.95773,3495.0,076,-43.34584666666667,unico,0.1852,TERMINAL JARDIM OCEÂNICO X CENTRAL ( NOTURNO ),1.511235882E12
844105,-22.975398333333334,0.0,0.0,-43.36712,,0.0,,1.500932055E12
39727,-16.69916,0.0,0.0,-49.095306666666666,,3.3336,,1.504696054E12
86849,-22.895641666666666,104.0,5800N1,-43.53285666666667,ida,0.0,11 - SANTA CRUZ X ALVORADA,1.511235864E12
838089,-22.975153333333335,0.0,0.0,-43.367158333333336,,0.0,,1.503515791E12
854968,-22.975208333333335,0.0,0.0,-43.36708,,0.0,,1.500660559E12
27191,-22.84955666666667,4049.0,42,-43.322835,ida,0.0,42 - FUNDÃO X DIVINA PROVIDÊNCIA (PARADOR),1.511236173E12
22023,-23.001818333333333,3311.0,50,-43.36535333333333,volta,0.0,50- Jardim Oceânico x Terminal Olimpico (Parador),1.511235596E12
47710,-22.952251666666665,241.0,991A1,-43.348881666666664,volta,0.0,991A1 - ALVORADA X TAQUARA,1.511235137E12
13403,-23.002081666666665,4331.0,000,-43.36580166666667,ida,0.0,SEM SERVIÇO - IDA,1.511235793E12
86294,-22.92392333333333,228.0,883A1,-43.551579999999994,volta,55.56,883A1 - MATO ALTO X BANGU,1.511236302E12
22006,-22.957658333333335,109.0,5702A1,-43.345535,volta,0.0,35 - ALVORADA  X  MADUREIRA ( PARADOR ) - Volta,1.510604034E12
86865,-22.89575333333333,107.0,5800A1,-43.53288333333333,volta,0.0,10 - ALVORADA X SANTA CRUZ ( EXPRESSO ),1.511236011E12
PKP036-KXE9191,-22.92823,0.0,0.0,-43.395946,,0.0,,1.511236319E12
44737,-22.904436666666665,149.0,5704N1,-43.356833333333334,volta,15.0,5704N1 - ALVORADA X FUNDÃO,1.511236307E12
817082,-22.975263333333334,0.0,0.0,-43.367113333333336,,0.0,,1.503078321E12
356329,-22.975293333333337,0.0,0.0,-43.36716,,6.1116,,1.504709663E12
50308,-22.959376666666667,3552.0,5850A1,-43.395133333333334,volta,0.0,51 - Vila Militar x T. Recreio (Parador),1.511236153E12
22065,-22.95782,236.0,890A1,-43.34617833333332,ida,0.1852,890A1 - TANQUE X TERMINAL ALVORADA,1.511214977E12
86173,-22.89406333333333,226.0,855A1,-43.533656666666666,ida,0.0,855A1 - BANGU X MAGARÇA,1.511236315E12
30510,-22.879595,3542.0,5707A1,-43.35686333333334,ida,0.0,41 - Recreio x Terminal Madureira (Expresso),1.510947492E12
22061,-23.01051166666667,3900.0,827A1,-43.453026666666666,ida,0.0,827A1 - RECREIO X VARGEM GRANDE,1.510677129E12
87387,-22.941011666666668,284.0,SV870A1,-43.684778333333334,volta,52.5968,SV870A1 - SANTA CRUZ X SEPETIBA ( VIA CROÁCIA ),1.511236326E12
39814,-22.965008333333333,3495.0,076,-43.39193,unico,0.0,TERMINAL JARDIM OCEÂNICO X CENTRAL ( NOTURNO ),1.496090858E12
86852,-22.893201666666666,132.0,5805A1,-43.532043333333334,ida,0.0,17- CAMPO GRANDE X SANTA CRUZ ( PARADOR ),1.511236308E12
86877,-22.896441666666668,0.0,0.0,-43.53244,,0.0,,1.511236315E12
50224,-22.91854166666667,0.0,0.0,-43.40525833333334,,33.5212,,1.510680795E12
87369,-22.91828333333334,204.0,828A1,-43.60830666666667,ida,0.1852,828A1 - SÃO JORGE X CAMPO GRANDE,1.510244925E12
47024,-23.000871666666665,3311.0,50,-43.367401666666666,volta,0.0,50- Jardim Oceânico x Terminal Olimpico (Parador),1.511236081E12
75512,-22.830955000000003,4055.0,928A1,-43.32370666666666,volta,0.0,928A1 -  MARECHAL HERMES X RAMOS(CIRCULAR),1.511233747E12
30538,-23.00252,4331.0,000,-43.365815,ida,0.0,SEM SERVIÇO - IDA,1.510703464E12
86296,-22.89335,211.0,853V1,-43.559,volta,0.1852,853V1 - MATO ALTO X VILA KENNEDY,1.510686882E12
30190,-22.88031,0.0,0.0,-43.35829999999999,,0.3704,,1.51111977E12
12718,-22.960058333333333,146.0,5704A1,-43.39568166666667,ida,0.0,36 - FUNDÃO X ALVORADA ( EXPRESSO ),1.511236103E12
30512,-22.940961666666666,105.0,5800N1,-43.663845,volta,47.0,11 - ALVORADA X SANTA CRUZ,1.51123632E12
86303,-22.89527333333333,288.0,897A1,-43.533168333333336,volta,0.0,897A1-PINGO D'AGUA X PACIÊNCIA,1.51123545E12
22001,-22.957486666666668,4808.0,25,-43.34553,volta,0.0,25 - J.OCEÂNICO X MATO ALTO,1.511030173E12
39834,-23.019245,3549.0,5809A1,-43.505555,volta,0.0,21 - RECREIO SHOPPING X JARDIM OCEÂNICO ( PARADOR ),1.498217549E12
39589,-22.95752166666667,0.0,0.0,-43.34649666666667,,0.0,,1.494421831E12
13344,-22.880865000000004,161.0,875A1,-43.35848333333333,ida,0.0,875A1 - TANQUE X PÇA. SECA ( CIRCULAR ),1.511235819E12
87166,-22.91955833333333,238.0,891A1,-43.60779666666667,ida,0.0,891A1 - SEPETIBA X MATO ALTO,1.494555917E12
857043,-22.975388333333335,0.0,0.0,-43.367036666666664,,0.0,,1.503599784E12
10074,-22.81513166666667,0.0,0.0,-43.18757499999999,,0.0,,1.511236292E12
47004,-23.000933333333332,105.0,5800N1,-43.367873333333335,volta,0.0,11 - ALVORADA X SANTA CRUZ,1.51123632E12
47008,-23.002523333333333,4020.0,5700N1,-43.36629333333333,ida,0.0,5700N1- ALVORADA GALEÃO,1.510731175E12
27211,-22.849325,4746.0,38,-43.323335,volta,0.0,38 - FUNDÃO X ALVORADA (PARADOR),1.511235037E12
30364,-22.979228333333335,1410.0,877A1,-43.33357833333333,volta,2.0372,877A1 - RIO DAS PEDRAS X TANQUE,1.510071124E12
30195,-22.879845,1409.0,877A1,-43.35671666666667,ida,0.0,877A1 - TANQUE X RIO DAS PEDRAS,1.511235246E12
22131,-22.95756833333333,264.0,963A1,-43.34472666666667,volta,0.1852,963A1 - TAQUARA X SANTA MARIA,1.493043793E12
82624,-22.962266666666665,0.0,0.0,-43.398624999999996,,35.7436,,1.510748751E12
22080,-22.9705,0.0,0.0,-43.36093833333334,,57.0416,,1.483019025E12
47735,-22.951759999999997,118.0,953A1,-43.348536666666675,ida,0.0,953A1 - CIDADE DE DEUS X TAQUARA,1.511235697E12
838252,-22.97530666666667,0.0,0.0,-43.367113333333336,,0.0,,1.503082036E12
39757,-22.97515833333334,0.0,0.0,-43.36736000000001,,3.8892,,1.494008769E12
44681,-22.860441666666663,162.0,721A1,-43.35572333333333,ida,0.0,721A1 - VILA CRUZEIRO XCASCADURA,1.511235462E12
13417,-22.880603333333333,108.0,5702A1,-43.34171833333333,ida,39.0,35 - MADUREIRA X ALVORADA ( PARADOR ) - ida,1.510748689E12
12733,-22.854746666666667,3551.0,5850A1,-43.251956666666665,ida,0.0,51 - T. Recreio x Vila Militar (Parador),1.511235922E12
857049,-22.973823333333332,0.0,0.0,-43.36701166666667,,0.0,,1.502216655E12
86841,-22.895601666666668,106.0,5800A1,-43.53272166666667,ida,0.0,10- SANTA CRUZ X ALVORADA ( EXPRESSO ),1.511236126E12
30189,-22.938733333333335,0.0,0.0,-43.34606833333334,,14.0752,,1.510691537E12
44730,-22.849618333333332,146.0,5704A1,-43.323463333333336,ida,0.0,36 - FUNDÃO X ALVORADA ( EXPRESSO ),1.511234971E12
86343,-22.89519833333333,278.0,853A1,-43.53306166666666,ida,0.0,853A1- VILA KENNEDY X MATO ALTO,1.511236306E12
30523,-23.001808333333333,3310.0,50,-43.36628666666667,ida,0.0,50 - Terminal Olimpico x Jardim Oceânico ( Parador ),1.511234635E12
75658,-22.830781666666667,4057.0,355A1,-43.323788333333326,volta,0.0,355A1 - PRAÇA TIRADENTES X MADUREIRA,1.511235991E12
44735,-22.84973,4331.0,000,-43.32349333333333,ida,1.0,SEM SERVIÇO - IDA,1.511235236E12
82524,-22.85776333333333,0.0,0.0,-43.37121833333334,,0.5556,,1.511236153E12
50033,-22.960095000000003,4331.0,000,-43.395379999999996,ida,0.926,SEM SERVIÇO - IDA,1.511226764E12
854427,-22.97488166666667,0.0,0.0,-43.367066666666666,,0.0,,1.503597259E12
39750,-22.975175,0.0,0.0,-43.36758,,0.1852,,1.494007882E12
87227,-22.98126333333333,2526.0,873A1,-43.66522,volta,4.63,873A1 - CAMPO GRANDE x PACIÊNCIA ( VIA GOUVÊIAS ),1.510923535E12
47020,-23.002496666666666,4331.0,000,-43.36618,ida,0.0,SEM SERVIÇO - IDA,1.511236214E12
13420,-23.00248,4810.0,21A,-43.366348333333335,volta,0.0,21A -  J.O  X RECREIO SHOPPING (PARADOR),1.51123558E12
854325,-22.97533,0.0,0.0,-43.367115,,0.0,,1.503341609E12
87542,-22.920563333333334,128.0,5804A1,-43.606973333333336,ida,0.0,15 - PACIÊNCIA X SALVADOR ALLENDE ( EXPRESSO ),1.511236306E12
354832,-22.94204,0.0,0.0,-43.34514833333333,,0.1852,,1.501779543E12
12741,-22.854406666666666,281.0,5700A1,-43.25173,ida,0.0,30 - ALVORADA X GALEÃO ( SEMI - DIRETO),1.511236152E12
86346,-22.896376666666665,210.0,853V1,-43.532856666666675,ida,0.1852,853V1 - VILA KENNEDY X MATO ALTO,1.511235822E12
PKP013 - KYQ5476,-22.973546,4331.0,000,-43.385715,ida,0.0,SEM SERVIÇO - IDA,1.50262417E12
86843,-22.918473333333335,120.0,5801A1,-43.68414333333333,ida,0.0,12 - PINGO D'AGUA X ALVORADA ( EXPRESSO ),1.51123632E12
86870,-22.895476666666667,0.0,0.0,-43.532581666666665,,0.0,,1.511235691E12
833200,-22.975318333333334,0.0,0.0,-43.36714166666667,,0.0,,1.503062601E12
86866,-22.893766666666668,107.0,5800A1,-43.53174833333333,volta,0.0,10 - ALVORADA X SANTA CRUZ ( EXPRESSO ),1.511236311E12
86892,-22.896886666666667,4807.0,25,-43.532696666666666,ida,0.0,25 - MATO ALTO X J.OCEÂNICO,1.511236034E12
53554,-22.989138333333337,279.0,SR870A,-43.689045,ida,0.0,SR 870A - SEPETIBA X SANTA CRUZ,1.511236296E12
86862,-22.895825,104.0,5800N1,-43.532511666666664,ida,12.0,11 - SANTA CRUZ X ALVORADA,1.511236096E12
75619,-22.831184999999998,4056.0,355A1,-43.32416833333333,ida,0.0,355A1 - MADUREIRA - PRAÇA TIRADENTES,1.510667179E12
849343,-22.97536,0.0,0.0,-43.367061666666665,,0.0,,1.503348916E12
44601,-22.86057,163.0,721A1,-43.35652333333334,volta,0.0,721A1 - CASCADURA X VILA CRUZEIRO,1.511235352E12
86872,-22.89425333333333,106.0,5800A1,-43.532495,ida,0.0,10- SANTA CRUZ X ALVORADA ( EXPRESSO ),1.511236323E12
358436,-22.76214333333333,0.0,0.0,-43.446276666666655,,1.2964,,1.505312875E12
86022,-22.895073333333336,226.0,855A1,-43.53302166666667,ida,0.0,855A1 - BANGU X MAGARÇA,1.511235963E12
27210,-22.85001,3815.0,40,-43.32260333333333,ida,0.0,40 - MADUREIRA X JARDIM OCEÂNICO ( EXPRESSO ),1.511234493E12
817071,-22.97507166666667,0.0,0.0,-43.36717,,0.0,,1.503593256E12
44553,-22.860219999999995,162.0,721A1,-43.35667333333334,ida,0.0,721A1 - VILA CRUZEIRO XCASCADURA,1.511236028E12
47575,-22.95297333333333,241.0,991A1,-43.348993333333325,volta,0.1852,991A1 - ALVORADA X TAQUARA,1.511216702E12
8189449,-22.975216,0.0,0.0,-43.367192,,0.0,,1.50418615E12
6419327,-22.965165,0.0,0.0,-43.647016666666666,,0.0,,1.508424131E12
30515,-22.842315,4049.0,42,-43.27274333333333,ida,0.0,42 - FUNDÃO X DIVINA PROVIDÊNCIA (PARADOR),1.510687994E12
817048,-22.975013333333333,0.0,0.0,-43.367108333333334,,0.0,,1.503519271E12
13426,-23.001801666666665,4331.0,000,-43.366121666666665,ida,0.0,SEM SERVIÇO - IDA,1.511231956E12
47722,-22.983999999999998,241.0,991A1,-43.36531166666667,volta,20.1868,991A1 - ALVORADA X TAQUARA,1.510677047E12
856438,-22.975316666666668,0.0,0.0,-43.367115,,0.0,,1.503345564E12
39820,-23.008595,0.0,0.0,-43.440583333333336,,0.0,,1.497467884E12
854200,-22.975273333333334,0.0,0.0,-43.36707166666667,,0.0,,1.503339566E12
75668,-22.830913333333335,4057.0,355A1,-43.32374999999999,volta,0.0,355A1 - PRAÇA TIRADENTES X MADUREIRA,1.511236314E12
13407,-23.002448333333334,147.0,5704A1,-43.366526666666665,volta,0.0,36 - ALVORADA X FUNDÃO ( EXPRESSO ),1.511236269E12
75523,-22.830886666666668,4055.0,928A1,-43.323381666666656,volta,0.0,928A1 -  MARECHAL HERMES X RAMOS(CIRCULAR),1.511236299E12
87418,-22.918266666666668,283.0,SV870A1,-43.607953333333334,ida,0.0,SV870A1 - SEPETIBA X SANTA CRUZ ( VIA COACIA ),1.51123587E12
30088,-22.899241666666665,4782.0,LECD23,-43.35352499999999,volta,14.816,LECD23 (MADUREIRA X FREGUESIA - VIA CASCADURA),1.50807692E12
39655,-22.918848333333337,0.0,0.0,-43.36036666666666,,15.1864,,1.504716907E12
44711,-22.849715,146.0,5704A1,-43.323305,ida,0.0,36 - FUNDÃO X ALVORADA ( EXPRESSO ),1.51123523E12
86889,-23.019193333333334,120.0,5801A1,-43.50599666666667,ida,14.0,12 - PINGO D'AGUA X ALVORADA ( EXPRESSO ),1.502998636E12
86802,-22.895883333333334,106.0,5800A1,-43.53274666666667,ida,0.0,10- SANTA CRUZ X ALVORADA ( EXPRESSO ),1.511236227E12
30105,-22.880746666666663,4782.0,LECD23,-43.35815833333333,volta,0.0,LECD23 (MADUREIRA X FREGUESIA - VIA CASCADURA),1.511235213E12
MK001 - LSD9574,-23.001033,0.0,0.0,-43.363616,,0.0,,1.511236313E12
30527,-23.001861666666667,3310.0,50,-43.36714833333333,ida,0.0,50 - Terminal Olimpico x Jardim Oceânico ( Parador ),1.511236172E12
27172,-22.857458333333334,148.0,5704N1,-43.257688333333334,ida,24.0,5704N1- FUNDÃO X ALVORADA,1.511236325E12
86837,-22.894125,106.0,5800A1,-43.532061666666664,ida,0.0,10- SANTA CRUZ X ALVORADA ( EXPRESSO ),1.511235937E12
50050,-22.960541666666668,4002.0,832A1,-43.39556499999999,volta,0.0,832A1 - TAQUARA X ALVORADA,1.500091223E12
10139,-22.815006666666665,0.0,0.0,-43.18731666666666,,0.0,,1.510027656E12
47559,-22.880056666666665,4331.0,000,-43.35830166666668,ida,0.0,SEM SERVIÇO - IDA,1.511234938E12
47013,-23.00181,3551.0,5850A1,-43.36654333333333,ida,0.0,51 - T. Recreio x Vila Militar (Parador),1.511234517E12
86175,-22.893216666666664,392.0,916A1,-43.531988333333324,ida,0.0,916A1 - MADUREIRA - BONSUCESSO,1.511236294E12
86887,-22.896343333333334,106.0,5800A1,-43.53284166666667,ida,0.0,10- SANTA CRUZ X ALVORADA ( EXPRESSO ),1.51123588E12
22041,-22.957468333333335,241.0,991A1,-43.346443333333326,volta,0.1852,991A1 - ALVORADA X TAQUARA,1.511236223E12
86345,-22.893438333333332,325.0,871A1,-43.531825,volta,0.0,871A1 - SEPETIBA X CESARÃO,1.511236319E12
MK002- LSD9575,-23.000844,0.0,0.0,-43.363689,,0.0,,1.511236254E12
86885,-22.895811666666667,132.0,5805A1,-43.533005,ida,0.0,17- CAMPO GRANDE X SANTA CRUZ ( PARADOR ),1.51123412E12
86863,-22.896511666666665,107.0,5800A1,-43.53243666666667,volta,0.0,10 - ALVORADA X SANTA CRUZ ( EXPRESSO ),1.511236006E12
86858,-22.896646666666665,106.0,5800A1,-43.532575,ida,0.0,10- SANTA CRUZ X ALVORADA ( EXPRESSO ),1.51123536E12
857078,-22.97533333333333,0.0,0.0,-43.36708333333333,,0.0,,1.503066685E12
86001,-22.89445166666667,210.0,853V1,-43.53181500000001,ida,0.1852,853V1 - VILA KENNEDY X MATO ALTO,1.511126607E12
87100,-22.91706166666667,271.0,858A1,-43.608455000000006,ida,0.0,858A1 - SÃO FERNANDO X PACIÊNCIA,1.511236324E12
47713,-22.804284999999997,2407.0,939A,-43.30648333333332,ida,0.0,939A - TANQUE X GARDÊNIA AZUL,1.5109416E12
39697,-22.96513833333334,0.0,0.0,-43.39142166666667,,0.5556,,1.490446224E12
86068,-22.895464999999998,226.0,855A1,-43.53310499999999,ida,0.0,855A1 - BANGU X MAGARÇA,1.511235562E12
87384,-22.920165,224.0,879A1,-43.60872666666668,volta,0.3704,879A1- MAGARÇA X CAMPO GRANDE,1.486512988E12
75603,-22.83125,4057.0,355A1,-43.323493333333346,volta,0.0,355A1 - PRAÇA TIRADENTES X MADUREIRA,1.511235086E12
86035,-22.895816666666665,276.0,SR872A1,-43.53323166666667,ida,0.0,SR872A1 - CESARÃO III X SEPETIBA,1.511236295E12
50149,-22.95980833333333,0.0,0.0,-43.39521166666667,,0.5556,,1.51123605E12
50020,-22.961185,0.0,0.0,-43.39573666666665,,8.8896,,1.511235365E12
10098,-22.81557,4331.0,000,-43.18752333333332,ida,0.0,SEM SERVIÇO - IDA,1.511236307E12
22051,-22.957396666666668,3899.0,817A1,-43.345670000000005,volta,0.0,817A1 - VARGEM GRANDE X RECREIO,1.511236293E12
86137,-22.89407833333333,392.0,916A1,-43.53370333333334,ida,0.0,916A1 - MADUREIRA - BONSUCESSO,1.511236303E12
87592,-22.920601666666666,121.0,5801A1,-43.60732333333333,volta,0.0,12 - ALVORADA X PINGO D'AGUA ( EXPRESSO ),1.511236314E12
857071,-22.97522,0.0,0.0,-43.36714166666667,,0.0,,1.503590774E12
86867,-22.895815,0.0,0.0,-43.532673333333335,,0.0,,1.51074877E12
30143,-22.88038333333333,4782.0,LECD23,-43.35844666666665,volta,0.0,LECD23 (MADUREIRA X FREGUESIA - VIA CASCADURA),1.511236314E12
47872,-22.90944666666667,0.0,0.0,-43.21757333333335,,0.0,,1.483981695E12
87590,-22.920246666666667,133.0,5805A1,-43.60837,volta,0.0,17- SANTA CRUZ X CAMPO GRANDE ( PARADOR ),1.511236315E12
10075,-22.795106666666666,0.0,0.0,-43.18168333333333,,34.4472,,1.510558273E12
44598,-22.860345,4331.0,000,-43.35613,ida,0.0,SEM SERVIÇO - IDA,1.511234687E12
13414,-22.949811666666665,4050.0,42,-43.34793833333333,volta,0.0,42 -  DIVINA PROVIDÊNCIA X FUNDÃO(PARADOR),1.511025258E12
39819,-22.9754,3495.0,076,-43.36755,unico,0.0,TERMINAL JARDIM OCEÂNICO X CENTRAL ( NOTURNO ),1.498689857E12
87576,-22.995155,4331.0,000,-43.5953,ida,57.0,SEM SERVIÇO - IDA,1.510678742E12
86289,-22.923393333333333,229.0,883A1,-43.55142666666667,ida,58.8936,883A1 - BANGU X MATO ALTO,1.511236301E12
86854,-22.894373333333334,132.0,5805A1,-43.53225666666667,ida,0.0,17- CAMPO GRANDE X SANTA CRUZ ( PARADOR ),1.511234815E12
856485,-22.975286666666666,0.0,0.0,-43.36710333333333,,0.0,,1.50342669E12
87481,-22.915465,284.0,SV870A1,-43.683033333333334,volta,0.1852,SV870A1 - SANTA CRUZ X SEPETIBA ( VIA CROÁCIA ),1.510670139E12
22033,-22.957585,0.0,0.0,-43.34599166666667,,0.1852,,1.503669458E12
817032,-22.9753,0.0,0.0,-43.367155,,0.0,,1.503066676E12
47016,-22.949786666666668,120.0,5801A1,-43.34798,ida,0.0,12 - PINGO D'AGUA X ALVORADA ( EXPRESSO ),1.51091782E12
13413,-23.001826666666666,0.0,0.0,-43.36620166666667,,0.0,,1.511234725E12
86820,-22.896556666666665,106.0,5800A1,-43.53249666666667,ida,0.0,10- SANTA CRUZ X ALVORADA ( EXPRESSO ),1.511235891E12
27209,-22.849695,4049.0,42,-43.32296,ida,0.0,42 - FUNDÃO X DIVINA PROVIDÊNCIA (PARADOR),1.51123482E12
22062,-22.975849999999998,3901.0,827A1,-43.49430166666666,volta,22.224,827A1 - VARGEM GRANDE X RECREIO,1.510748704E12
47007,-22.95294833333333,281.0,5700A1,-43.34887333333333,ida,0.0,30 - ALVORADA X GALEÃO ( SEMI - DIRETO),1.511092243E12
44703,-22.860828333333334,3815.0,40,-43.355336666666666,ida,0.0,40 - MADUREIRA X JARDIM OCEÂNICO ( EXPRESSO ),1.511235304E12
75611,-22.83133,4057.0,355A1,-43.323446666666676,volta,0.0,355A1 - PRAÇA TIRADENTES X MADUREIRA,1.51123537E12
816912,-22.975393333333333,0.0,0.0,-43.367196666666665,,0.0,,1.503439166E12
86366,-22.89333,288.0,897A1,-43.53189333333333,volta,0.0,897A1-PINGO D'AGUA X PACIÊNCIA,1.511236316E12
44709,-22.849845,146.0,5704A1,-43.32338333333333,ida,0.0,36 - FUNDÃO X ALVORADA ( EXPRESSO ),1.511235453E12
30507,-23.002516666666665,4810.0,21A,-43.365788333333334,volta,0.0,21A -  J.O  X RECREIO SHOPPING (PARADOR),1.511235287E12
857026,-22.97557,0.0,0.0,-43.36698166666667,,0.0,,1.503427888E12
13409,-23.00182,3311.0,50,-43.36695,volta,0.0,50- Jardim Oceânico x Terminal Olimpico (Parador),1.511236105E12
22060,-22.957263333333337,237.0,890A1,-43.345496666666655,volta,0.0,890A1 - TERMINAL ALVORADA X TANQUE,1.511164849E12
47025,-22.949858333333335,4050.0,42,-43.348076666666664,volta,0.0,42 -  DIVINA PROVIDÊNCIA X FUNDÃO(PARADOR),1.510748719E12
47888,-22.951819999999998,116.0,610A1,-43.348525,ida,0.0,610A1 - BRT TANQUE X DEL CASTILHO,1.51123592E12
44546,-22.860313333333337,162.0,721A1,-43.35665166666668,ida,0.0,721A1 - VILA CRUZEIRO XCASCADURA,1.511236241E12
30223,-22.879959999999997,4782.0,LECD23,-43.35707166666668,volta,0.0,LECD23 (MADUREIRA X FREGUESIA - VIA CASCADURA),1.511235228E12
MK020 -KPZ4599,-22.994747,0.0,0.0,-43.393768,,0.0,,1.503008887E12
44702,-22.86059,148.0,5704N1,-43.35530833333333,ida,0.0,5704N1- FUNDÃO X ALVORADA,1.511235865E12
10106,-22.815358333333332,3911.0,910A,-43.18734166666666,ida,0.0,910N1 - IDA - BANANAL X VAZ LOBO,1.511236304E12
842688,-22.975195,0.0,0.0,-43.36716,,0.0,,1.503515122E12
86889,-22.895548333333334,106.0,5800A1,-43.532693333333334,ida,0.0,10- SANTA CRUZ X ALVORADA ( EXPRESSO ),1.511235945E12
30242,-22.879953333333333,1409.0,877A1,-43.358230000000006,ida,0.1852,877A1 - TANQUE X RIO DAS PEDRAS,1.508157358E12
50211,-22.92917166666667,0.0,0.0,-43.25321333333334,,0.0,,1.511235784E12
86301,-22.84218333333333,228.0,883A1,-43.25395500000001,volta,0.0,883A1 - MATO ALTO X BANGU,1.509280519E12
47011,-23.002095,3311.0,50,-43.36611,volta,0.0,50- Jardim Oceânico x Terminal Olimpico (Parador),1.51123603E12
30129,-22.880423333333336,4782.0,LECD23,-43.35845833333333,volta,0.0,LECD23 (MADUREIRA X FREGUESIA - VIA CASCADURA),1.51123539E12
86096,-22.878176666666665,227.0,855A1,-43.463684999999984,volta,1.1112,855A1 - MAGARÇA X BANGU,1.511236307E12
86091,-22.89499166666667,393.0,916A1,-43.53290333333333,volta,0.0,916A1 - BONSUCESS0 X MADUREIRA,1.511236308E12
816817,-22.975278333333332,0.0,0.0,-43.36705666666667,,0.0,,1.503425714E12
817077,-22.975501666666666,0.0,0.0,-43.367113333333336,,0.0,,1.500917773E12
13410,-23.002543333333332,4027.0,5850N1,-43.36633166666667,ida,0.0,5850N1 -T. RECREIO X VILA MILITAR,1.511235607E12
12743,-23.000963333333335,147.0,5704A1,-43.36527666666667,volta,0.0,36 - ALVORADA X FUNDÃO ( EXPRESSO ),1.510853341E12
44716,-22.8497,0.0,0.0,-43.32346666666667,,0.0,,1.511234887E12
47890,-22.953353333333332,117.0,610A1,-43.35021166666665,volta,0.0,610A1 - DEL CASTILHO X BRT TANQUE,1.511236149E12
44713,-22.861218333333333,3815.0,40,-43.356295,ida,4.0,40 - MADUREIRA X JARDIM OCEÂNICO ( EXPRESSO ),1.511235348E12
86838,-22.895635,120.0,5801A1,-43.53243333333333,ida,0.0,12 - PINGO D'AGUA X ALVORADA ( EXPRESSO ),1.511236285E12
47003,-23.000503333333334,4324.0,5811N1,-43.33510666666667,ida,39.0,5811N1 - JARDIM OCEÂNICO X T.OLÍMPICO,1.511236314E12
47729,-22.951788333333337,939A,-43.34856,volta,0.0,939A - GARDÊNIA AZUL  X  TANQUE,1.511235239E12
47005,-23.002083333333335,3552.0,5850A1,-43.366436666666665,volta,0.0,51 - Vila Militar x T. Recreio (Parador),1.51123624E12
856502,-22.97518833333333,0.0,0.0,-43.36716333333333,,0.0,,1.503432146E12
22046,-22.957353333333337,237.0,890A1,-43.345210000000016,volta,0.0,890A1 - TERMINAL ALVORADA X TANQUE,1.511135825E12
47484,-22.953071666666666,4331.0,000,-43.35058333333333,ida,0.0,SEM SERVIÇO - IDA,1.511235086E12
MK029 -KWJ-5376,-23.008876,0.0,0.0,-43.444824,,43.0,,1.485787128E12
854133,-22.97524,0.0,0.0,-43.36713833333334,,0.0,,1.501611558E12
87019,-22.996254999999998,242.0,896N1,-43.62533333333334,ida,44.818400000000004,896N1 - PDG X MATO ALTO,1.511236323E12
10034,-22.815375000000003,0.0,0.0,-43.18642333333334,,0.1852,,1.51002276E12
817122,-22.975475,0.0,0.0,-43.3671,,0.0,,1.501611545E12
MK005 -KPN-9985,-22.929046,0.0,0.0,-43.373508,,0.0,,1.51123618E12
86816,-22.895013333333335,133.0,5805A1,-43.53323666666667,volta,0.0,17- SANTA CRUZ X CAMPO GRANDE ( PARADOR ),1.511236145E12
PKP033-KXE9118,-23.000742,0.0,0.0,-43.36354,,0.0,,1.510865936E12
87563,-22.920628333333333,128.0,5804A1,-43.60713,ida,0.0,15 - PACIÊNCIA X SALVADOR ALLENDE ( EXPRESSO ),1.511236312E12
47626,-22.951741666666667,939A,-43.34862499999999,volta,0.0,939A - GARDÊNIA AZUL  X  TANQUE,1.511235369E12
86830,-22.894086666666666,104.0,5800N1,-43.53187,ida,0.0,11 - SANTA CRUZ X ALVORADA,1.510748301E12
87550,-22.92043333333333,132.0,5805A1,-43.60794,ida,0.0,17- CAMPO GRANDE X SANTA CRUZ ( PARADOR ),1.511235205E12
86016,-22.894161666666665,229.0,883A1,-43.53311166666667,ida,0.0,883A1 - BANGU X MATO ALTO,1.511236281E12
75551,-22.84961,4057.0,355A1,-43.30804500000001,volta,39.4476,355A1 - PRAÇA TIRADENTES X MADUREIRA,1.51074863E12
86881,-22.894035,107.0,5800A1,-43.531796666666665,volta,0.0,10 - ALVORADA X SANTA CRUZ ( EXPRESSO ),1.51123629E12
854953,-22.975305,0.0,0.0,-43.36711666666667,,0.0,,1.503511283E12
30164,-22.88048666666667,4782.0,LECD23,-43.358063333333334,volta,0.0,LECD23 (MADUREIRA X FREGUESIA - VIA CASCADURA),1.511235758E12
30521,-22.98415,4323.0,5811N1,-43.36575166666667,volta,9.0,5811N1  - TERMINAL OLIMPICO  X -JARDIM OCEÂNICO (PARADOR),1.511236311E12
30519,-23.002133333333333,3311.0,50,-43.366571666666665,volta,0.0,50- Jardim Oceânico x Terminal Olimpico (Parador),1.51123589E12
47858,-22.952894999999998,2407.0,939A,-43.35087666666668,ida,0.0,939A - TANQUE X GARDÊNIA AZUL,1.511235255E12
12701_teste,-22.876722,4745.0,094A1,-43.335681,ida,38.0,38 - ALVORADA X FUNDÃO (PARADOR),1.500379718E12
47026,-23.002533333333332,4810.0,21A,-43.365853333333334,volta,0.0,21A -  J.O  X RECREIO SHOPPING (PARADOR),1.511236045E12
856513,-22.97533333333333,0.0,0.0,-43.36706,,0.0,,1.50334976E12
75613,-22.830595000000002,4056.0,355A1,-43.323826666666655,ida,0.0,355A1 - MADUREIRA - PRAÇA TIRADENTES,1.505268964E12
854329,-22.975248333333333,0.0,0.0,-43.367145,,0.0,,1.503503789E12
30533,-22.88009,107.0,5800A1,-43.35812166666667,volta,0.0,10 - ALVORADA X SANTA CRUZ ( EXPRESSO ),1.511234519E12
842411,-22.975048333333334,0.0,0.0,-43.36708,,0.0,,1.500933673E12
50303,-22.854483333333334,3311.0,50,-43.251975,volta,0.0,50- Jardim Oceânico x Terminal Olimpico (Parador),1.511235104E12
86233,-22.895415000000003,226.0,855A1,-43.53281666666667,ida,21.668400000000002,855A1 - BANGU X MAGARÇA,1.511235034E12
APOIO LME 7073,-22.994831,4331.0,000,-43.393974,ida,0.0,SEM SERVIÇO - IDA,1.511236138E12
86104,-22.893756666666665,210.0,853V1,-43.53218333333333,ida,0.0,853V1 - VILA KENNEDY X MATO ALTO,1.511236311E12
817259,-22.975156666666667,0.0,0.0,-43.36714166666667,,0.0,,1.503081926E12
856808,-22.975425,0.0,0.0,-43.367025,,0.0,,1.503065547E12
87595,-22.920413333333332,128.0,5804A1,-43.607525,ida,0.0,15 - PACIÊNCIA X SALVADOR ALLENDE ( EXPRESSO ),1.511235178E12
22027,-22.957825,146.0,5704A1,-43.34642166666666,ida,0.0,36 - FUNDÃO X ALVORADA ( EXPRESSO ),1.490288436E12
27204,-22.850001666666667,4049.0,42,-43.32268,ida,0.0,42 - FUNDÃO X DIVINA PROVIDÊNCIA (PARADOR),1.511236015E12
86879,-22.895865,4808.0,25,-43.53321833333333,volta,0.0,25 - J.OCEÂNICO X MATO ALTO,1.510748578E12
86818,-22.895678333333333,132.0,5805A1,-43.53279333333333,ida,0.0,17- CAMPO GRANDE X SANTA CRUZ ( PARADOR ),1.510803266E12
10084,-22.814581666666662,0.0,0.0,-43.18743500000001,,0.0,,1.511235531E12
86097,-22.894878333333335,277.0,853A1,-43.532041666666665,volta,0.0,853A1 -MATO ALTO x  VILA KENNEDY,1.511235025E12
50193,-22.960208333333338,0.0,0.0,-43.395371666666655,,0.1852,,1.510748572E12
12738,-22.959741666666666,3311.0,50,-43.395325,volta,0.0,50- Jardim Oceânico x Terminal Olimpico (Parador),1.511235865E12
816692,-22.975226666666668,0.0,0.0,-43.36716666666667,,0.0,,1.500933741E12
12707,-22.85421,3551.0,5850A1,-43.25162,ida,0.0,51 - T. Recreio x Vila Militar (Parador),1.511235828E12
87597,-22.920265,128.0,5804A1,-43.60817,ida,0.0,15 - PACIÊNCIA X SALVADOR ALLENDE ( EXPRESSO ),1.511236315E12
22020,-22.957776666666668,4808.0,25,-43.34630833333333,volta,0.0,25 - J.OCEÂNICO X MATO ALTO,1.505544243E12
47733,-22.95303333333333,118.0,953A1,-43.35061499999998,ida,0.0,953A1 - CIDADE DE DEUS X TAQUARA,1.511235997E12
39661,-22.96526666666667,2560.0,055,-43.39165166666668,ida,0.0,055 - MADUREIRA X GALEÃO ( PARADOR ),1.502372532E12
87104,-22.918204999999997,204.0,828A1,-43.606993333333335,ida,0.5556,828A1 - SÃO JORGE X CAMPO GRANDE,1.511222602E12
30505,-23.001875,4810.0,21A,-43.36684833333333,volta,0.0,21A -  J.O  X RECREIO SHOPPING (PARADOR),1.511236195E12
47513,-22.953116666666666,119.0,953A1,-43.350731666666675,volta,0.0,953A1 - TAQUARA X CIDADE DE DEUS,1.511235872E12
848346,-22.975243333333335,0.0,0.0,-43.367111666666666,,0.0,,1.503432023E12
857027,-22.974981666666668,0.0,0.0,-43.367173333333334,,0.0,,1.503332843E12
39761,-22.96465166666667,0.0,0.0,-43.39165166666668,,5.1856,,1.493915916E12
854222,-22.975376666666666,0.0,0.0,-43.36712833333333,,0.0,,1.503430581E12
87165,-22.919181666666667,224.0,879A1,-43.60838999999999,volta,0.0,879A1- MAGARÇA X CAMPO GRANDE,1.507146555E12
47856,-22.953005,3822.0,810A1,-43.348731666666666,volta,1.2964,810A1 - PONTAL X TAQUARA,1.499826387E12
75646,-22.869251666666667,4055.0,928A1,-43.25436,volta,38.1512,928A1 -  MARECHAL HERMES X RAMOS(CIRCULAR),1.510682277E12
39620,-22.8609,0.0,0.0,-43.35610333333334,,0.5556,,1.494398902E12
86285,-22.894098333333332,229.0,883A1,-43.53371833333334,ida,0.0,883A1 - BANGU X MATO ALTO,1.511236044E12
47494,-22.952428333333334,0.0,0.0,-43.348968333333325,,3.8892,,1.511222048E12
22068,-22.957341666666668,236.0,890A1,-43.34570999999999,ida,0.1852,890A1 - TANQUE X TERMINAL ALVORADA,1.511236116E12
86060,-22.893549999999998,227.0,855A1,-43.53176333333334,volta,0.0,855A1 - MAGARÇA X BANGU,1.511149061E12
86344,-22.894985,0.0,0.0,-43.532115000000005,,0.0,,1.511211448E12
856541,-22.975356666666666,0.0,0.0,-43.367145,,0.0,,1.503515788E12
86848,-22.896606666666667,106.0,5800A1,-43.532606666666666,ida,0.0,10- SANTA CRUZ X ALVORADA ( EXPRESSO ),1.511236166E12
22016,-22.95747,108.0,5702A1,-43.34532166666666,ida,0.0,35 - MADUREIRA X ALVORADA ( PARADOR ) - ida,1.511235973E12
87585,-22.917861666666667,133.0,5805A1,-43.684248333333336,volta,0.0,17- SANTA CRUZ X CAMPO GRANDE ( PARADOR ),1.511236307E12
854300,-22.975231666666666,0.0,0.0,-43.36716833333333,,2.0,,1.50350751E12
816822,-22.975401666666667,0.0,0.0,-43.36707833333333,,0.0,,1.50092852E12
816835,-22.975338333333333,0.0,0.0,-43.367155,,0.0,,1.50306242E12
6418908,-22.975375,0.0,0.0,-43.36691666666667,,0.0,,1.508540197E12
854403,-22.975168333333333,0.0,0.0,-43.36714,,1.0,,1.503335122E12
855156,-22.975548333333332,0.0,0.0,-43.36705833333333,,0.0,,1.503509605E12
39639,-22.68726166666667,0.0,0.0,-43.80967833333334,,1.6668,,1.491496368E12
10305,-22.814865,4049.0,42,-43.18781333333333,ida,0.0,42 - FUNDÃO X DIVINA PROVIDÊNCIA (PARADOR),1.511236111E12
30222,-22.88077,4782.0,LECD23,-43.35811333333334,volta,0.0,LECD23 (MADUREIRA X FREGUESIA - VIA CASCADURA),1.511235919E12
27203,-22.84937,108.0,5702A1,-43.322985,ida,0.0,35 - MADUREIRA X ALVORADA ( PARADOR ) - ida,1.511235948E12
47555,-22.880568333333333,4331.0,000,-43.358050000000006,ida,0.1852,SEM SERVIÇO - IDA,1.511234662E12
47014,-22.973388333333332,3310.0,50,-43.37367666666667,ida,59.0,50 - Terminal Olimpico x Jardim Oceânico ( Parador ),1.5112354E12
44541,-22.860358333333338,162.0,721A1,-43.355951666666655,ida,0.0,721A1 - VILA CRUZEIRO XCASCADURA,1.511236017E12
44732,-22.84955666666667,109.0,5702A1,-43.32343,volta,0.0,35 - ALVORADA  X  MADUREIRA ( PARADOR ) - Volta,1.511235243E12
75530,-22.830785,4054.0,928A1,-43.32443,ida,1.2964,928A1 - RAMOS X MARECHAL HERMES (CIRCULAR),1.510932935E12
30511,-23.002526666666668,4331.0,000,-43.366373333333335,ida,0.0,SEM SERVIÇO - IDA,1.511235636E12
86170,-22.895896666666665,392.0,916A1,-43.533224999999995,ida,0.0,916A1 - MADUREIRA - BONSUCESSO,1.511236018E12
22085,-22.957725,247.0,SP899,-43.34615,volta,0.0,SP899 - DOWNTOWN X TERMINAL ALVORADA,1.483019105E12
30541,-23.00182,4810.0,21A,-43.36662333333334,volta,0.0,21A -  J.O  X RECREIO SHOPPING (PARADOR),1.511236289E12
44707,-22.860965,147.0,5704A1,-43.356156666666664,volta,0.0,36 - ALVORADA X FUNDÃO ( EXPRESSO ),1.511235205E12
842631,-22.975301666666667,0.0,0.0,-43.367088333333335,,0.0,,1.50350757E12
47021,-23.00249833333333,4331.0,000,-43.36609833333333,ida,0.0,SEM SERVIÇO - IDA,1.511235471E12
22043,-22.957285000000002,241.0,991A1,-43.346334999999996,volta,0.1852,991A1 - ALVORADA X TAQUARA,1.511236322E12
87546,-22.804318333333335,4973.0,90,-43.306185,ida,0.0,90 -  J.OCEÂNICO X  ROCK IN RIO - DIRETO,1.510914166E12
817038,-22.975305,0.0,0.0,-43.36703833333333,,0.0,,1.503430639E12
39821,-22.964981666666667,3495.0,076,-43.391823333333335,unico,0.0,TERMINAL JARDIM OCEÂNICO X CENTRAL ( NOTURNO ),1.496083235E12
86819,-22.89559,0.0,0.0,-43.53281833333333,,0.0,,1.511236305E12
87114,-22.918073333333336,205.0,828A1,-43.608575,volta,0.5556,828A1 - CAMPO GRANDE X SÃO JORGE,1.511234899E12
50305,-22.854136666666665,147.0,5704A1,-43.251825,volta,0.0,36 - ALVORADA X FUNDÃO ( EXPRESSO ),1.511236311E12
10151,-20.628353,0.0,0.0,-40.526256,,0.0,,1.491844801E12
50004,-22.948365,0.0,0.0,-43.33609499999999,,0.0,,1.511235329E12
39741,-22.97514666666667,0.0,0.0,-43.36744833333332,,2.0372,,1.49400873E12
13341,-22.879566666666665,161.0,875A1,-43.356923333333334,ida,0.0,875A1 - TANQUE X PÇA. SECA ( CIRCULAR ),1.511236106E12
12708,-22.862828333333333,3551.0,5850A1,-43.401898333333335,ida,54.0,51 - T. Recreio x Vila Militar (Parador),1.510692663E12
22021,-23.00182,147.0,5704A1,-43.36515,volta,0.0,36 - ALVORADA X FUNDÃO ( EXPRESSO ),1.511228614E12
817055,-22.974938333333334,0.0,0.0,-43.367175,,0.0,,1.503515123E12
47866,-22.93124166666666,0.0,0.0,-43.33224499999999,,15.742,,1.482838232E12
10080,-22.81534166666667,0.0,0.0,-43.18681666666668,,0.0,,1.511236317E12
50174,-22.929485,0.0,0.0,-43.253631666666664,,0.0,,1.511236304E12
39647,-22.97302666666667,0.0,0.0,-43.335488333333345,,0.5556,,1.504716899E12
846401,-22.975283333333334,0.0,0.0,-43.36714833333333,,0.0,,1.503348683E12
22066,-22.95725333333333,236.0,890A1,-43.34575666666667,ida,0.0,890A1 - TANQUE X TERMINAL ALVORADA,1.511236325E12
86103,-22.89421666666666,210.0,853V1,-43.53309666666667,ida,0.0,853V1 - VILA KENNEDY X MATO ALTO,1.511235242E12
22018,-23.00686333333333,4810.0,21A,-43.312795,volta,0.0,21A -  J.O  X RECREIO SHOPPING (PARADOR),1.5107486E12
86290,-22.893615,210.0,853V1,-43.533406666666664,ida,0.3704,853V1 - VILA KENNEDY X MATO ALTO,1.511235332E12
30142,-22.884945000000002,4782.0,LECD23,-43.343078333333324,volta,10.9268,LECD23 (MADUREIRA X FREGUESIA - VIA CASCADURA),1.510691564E12
82576,-22.961685000000003,0.0,0.0,-43.39690666666665,,3.1484,,1.510748611E12
86803,-22.895486666666667,132.0,5805A1,-43.53252166666667,ida,0.0,17- CAMPO GRANDE X SANTA CRUZ ( PARADOR ),1.511218144E12
815948,-22.973988333333335,0.0,0.0,-43.36707333333333,,3.0,,1.501612453E12
27168,-22.849143333333334,4746.0,38,-43.32273166666667,volta,0.0,38 - FUNDÃO X ALVORADA (PARADOR),1.511236097E12
75560,-22.831184999999998,4055.0,928A1,-43.32379666666666,volta,0.3704,928A1 -  MARECHAL HERMES X RAMOS(CIRCULAR),1.511110572E12
87564,-22.91993,128.0,5804A1,-43.607315,ida,0.0,15 - PACIÊNCIA X SALVADOR ALLENDE ( EXPRESSO ),1.511235756E12
86287,-22.894866666666665,229.0,883A1,-43.53226166666666,ida,0.0,883A1 - BANGU X MATO ALTO,1.511235679E12
86300,-22.893875,326.0,871A1,-43.53353333333333,ida,0.0,871A1 - CESARÃO X SEPETIBA,1.511236312E12
87080,-22.918285,243.0,896A1,-43.607364999999994,volta,0.0,896A1 - MATO ALTO X PDG,1.511236316E12
22025,-22.95795666666667,112.0,5802A1,-43.34648166666667,ida,0.0,13 - MATO ALTO X ALVORADA ( EXPRESSO ),1.487672864E12
86292,-22.958795000000002,276.0,SR872A1,-43.69277333333333,ida,28.5208,SR872A1 - CESARÃO III X SEPETIBA,1.511203086E12
27170,-22.85003,151.0,5703A1,-43.322755,volta,0.0,33- SANTA EFIGÊNIA X PENHA ( EXPRESSO ),1.511236199E12
13346,-22.879955000000002,161.0,875A1,-43.358243333333334,ida,0.0,875A1 - TANQUE X PÇA. SECA ( CIRCULAR ),1.511235097E12
512839,-22.975468333333332,0.0,0.0,-43.367098333333345,,0.3704,,1.50152684E12
86871,-22.896266666666666,121.0,5801A1,-43.53228,volta,0.0,12 - ALVORADA X PINGO D'AGUA ( EXPRESSO ),1.511236086E12
39725,-16.69516,0.0,0.0,-49.09165333333333,,0.1852,,1.50471537E12
47886,-22.953215,116.0,610A1,-43.350468333333325,ida,0.1852,610A1 - BRT TANQUE X DEL CASTILHO,1.511234902E12
87551,-22.920348333333333,106.0,5800A1,-43.607755,ida,0.0,10- SANTA CRUZ X ALVORADA ( EXPRESSO ),1.511236318E12
86302,-22.894381666666664,228.0,883A1,-43.531974999999996,volta,0.7408,883A1 - MATO ALTO X BANGU,1.511235893E12
86032,-22.902316666666668,226.0,855A1,-43.54927333333333,ida,0.0,855A1 - BANGU X MAGARÇA,1.510684531E12
856442,-22.97507,0.0,0.0,-43.36713833333334,,0.0,,1.503518005E12
39749,-22.91877833333333,0.0,0.0,-43.35988166666666,,2.9632,,1.504715307E12
30018,-22.952313333333336,3088.0,954A1,-43.349558333333334,ida,0.0,954A1 -  RECREIO X TAQUARA,1.511235711E12
22069,-22.95731333333333,241.0,991A1,-43.34543666666665,volta,0.0,991A1 - ALVORADA X TAQUARA,1.5112361E12
22004,-22.95763,105.0,5800N1,-43.34541333333333,volta,0.0,11 - ALVORADA X SANTA CRUZ,1.511235595E12
50092,-22.960263333333334,0.0,0.0,-43.39554333333332,,0.0,,1.510748625E12
50136,-22.960278333333335,0.0,0.0,-43.39551500000001,,0.0,,1.511236325E12
82523,-22.86001666666667,0.0,0.0,-43.37066500000001,,12.4084,,1.51123477E12
86240,-22.893708333333333,228.0,883A1,-43.53333166666666,volta,0.0,883A1 - MATO ALTO X BANGU,1.511190379E12
22059,-22.957958333333334,3900.0,827A1,-43.34576166666666,ida,0.0,827A1 - RECREIO X VARGEM GRANDE,1.511236296E12
47012,-23.000935,3311.0,50,-43.36476833333333,volta,35.0,50- Jardim Oceânico x Terminal Olimpico (Parador),1.511210502E12
22044,-22.957276666666665,241.0,991A1,-43.345356666666675,volta,0.0,991A1 - ALVORADA X TAQUARA,1.511234821E12
87541,-22.920223333333333,128.0,5804A1,-43.60802,ida,0.0,15 - PACIÊNCIA X SALVADOR ALLENDE ( EXPRESSO ),1.511236314E12
50311,-22.959935,104.0,5800N1,-43.39554833333333,ida,1.0,11 - SANTA CRUZ X ALVORADA,1.511236309E12
44562,-22.86057166666667,162.0,721A1,-43.35660666666666,ida,0.0,721A1 - VILA CRUZEIRO XCASCADURA,1.509134998E12
27175,-22.850055,108.0,5702A1,-43.322633333333336,ida,0.0,35 - MADUREIRA X ALVORADA ( PARADOR ) - ida,1.511234977E12
22002,-22.957518333333333,3816.0,40,-43.345726666666664,volta,0.0,40 - JARDIM OCEÂNICO X MADUREIRA ( EXPRESSO ),1.508711904E12
86812,-22.894105,106.0,5800A1,-43.53268,ida,0.0,10- SANTA CRUZ X ALVORADA ( EXPRESSO ),1.511236322E12
86868,-23.015273333333333,120.0,5801A1,-43.469501666666666,ida,56.0,12 - PINGO D'AGUA X ALVORADA ( EXPRESSO ),1.510688689E12
854090,-22.9754,0.0,0.0,-43.36707,,0.0,,1.50298083E12
22047,-22.958358333333333,121.0,5801A1,-43.346223333333334,volta,0.0,12 - ALVORADA X PINGO D'AGUA ( EXPRESSO ),1.51123622E12
44710,-22.84964,146.0,5704A1,-43.32326,ida,0.0,36 - FUNDÃO X ALVORADA ( EXPRESSO ),1.511234907E12
47031,-23.000986666666666,109.0,5702A1,-43.364761666666666,volta,0.0,35 - ALVORADA  X  MADUREIRA ( PARADOR ) - Volta,1.510838415E12
30517,-23.002591666666667,3543.0,5707A1,-43.366663333333335,volta,0.0,41 - Terminal Madureira x Terminal Recreio  (Expresso),1.51123582E12
30516,-23.01766,105.0,5800N1,-43.510645,volta,45.0,11 - ALVORADA X SANTA CRUZ,1.511236324E12
44608,-22.860358333333338,163.0,721A1,-43.355839999999986,volta,0.0,721A1 - CASCADURA X VILA CRUZEIRO,1.511235205E12
30372,-22.879751666666667,1409.0,877A1,-43.35700333333334,ida,0.0,877A1 - TANQUE X RIO DAS PEDRAS,1.511235609E12
10031,-22.815009999999997,3911.0,910A,-43.18729499999999,ida,0.0,910N1 - IDA - BANANAL X VAZ LOBO,1.511232931E12
22013,-22.95743,4333.0,53,-43.34534333333333,volta,0.0,53 - SULACAP X J. OCEÂNICO ( EXPRESSO ),1.511236188E12
10304,-22.81479,4049.0,42,-43.18781166666667,ida,0.0,42 - FUNDÃO X DIVINA PROVIDÊNCIA (PARADOR),1.51123469E12
53505,-22.883518333333335,279.0,SR870A,-43.496035,ida,0.0,SR 870A - SEPETIBA X SANTA CRUZ,1.511234751E12
30371,-22.87948666666667,1409.0,877A1,-43.35711500000001,ida,0.0,877A1 - TANQUE X RIO DAS PEDRAS,1.511236198E12
RB17,-22.878835,4331.0,000,-43.336563,ida,0.0,SEM SERVIÇO - IDA,1.51123612E12
30151,-22.880060000000004,4331.0,000,-43.35830666666667,ida,0.0,SEM SERVIÇO - IDA,1.510747998E12
PKP010 - LTP4176,-22.884971,0.0,0.0,-43.553337,,0.0,,1.511234694E12
30034,-22.951596666666667,0.0,0.0,-43.34855000000001,,0.0,,1.511235861E12
13422,-22.880278333333333,3310.0,50,-43.357005,ida,0.0,50 - Terminal Olimpico x Jardim Oceânico ( Parador ),1.511236227E12
86886,-22.893323333333335,133.0,5805A1,-43.532088333333334,volta,0.0,17- SANTA CRUZ X CAMPO GRANDE ( PARADOR ),1.511236314E12
47029,-22.839538333333333,4810.0,21A,-43.282655,volta,51.0,21A -  J.O  X RECREIO SHOPPING (PARADOR),1.510779991E12
47721,-22.952091666666668,0.0,0.0,-43.34977666666667,,0.0,,1.511236038E12
12730,-23.008675,0.0,0.0,-43.44049,,0.0,,1.510685783E12
30250,-22.754538333333336,0.0,0.0,-43.462295,,0.0,,1.499171362E12
86011,-22.894819999999996,226.0,855A1,-43.53286,ida,0.0,855A1 - BANGU X MAGARÇA,1.511234899E12
87411,-22.978523333333335,239.0,891N1,-43.68085333333333,volta,36.4844,891N1 - MATO ALTO X SEPETIBA,1.511236307E12
12712,-22.959491666666665,3552.0,5850A1,-43.395318333333336,volta,0.0,51 - Vila Militar x T. Recreio (Parador),1.510748565E12
86364,-22.895314999999997,325.0,871A1,-43.53259666666666,volta,0.0,871A1 - SEPETIBA X CESARÃO,1.511236296E12
SAVEIRO 025 -KXM6403,-23.007627,0.0,0.0,-43.443855,,2.0,,1.511236327E12
12721,-22.959576666666667,3552.0,5850A1,-43.39530666666667,volta,0.0,51 - Vila Militar x T. Recreio (Parador),1.511236035E12
50304,-23.000948333333334,4020.0,5700N1,-43.36474333333334,ida,0.0,5700N1- ALVORADA GALEÃO,1.511236218E12
12705,-22.854775,4331.0,000,-43.251936666666666,ida,0.0,SEM SERVIÇO - IDA,1.51123631E12
39525,-22.97524833333334,0.0,0.0,-43.36736000000001,,1.1112,,1.494007911E12
30266,-22.89396,4782.0,LECD23,-43.34934333333334,volta,19.446,LECD23 (MADUREIRA X FREGUESIA - VIA CASCADURA),1.511041066E12
86313,-22.893725000000003,226.0,855A1,-43.53250666666666,ida,0.0,855A1 - BANGU X MAGARÇA,1.511236325E12
75633,-22.83147166666667,4056.0,355A1,-43.324254999999994,ida,1.852,355A1 - MADUREIRA - PRAÇA TIRADENTES,1.49637871E12
30535,-23.002121666666667,3815.0,40,-43.36687166666667,ida,0.0,40 - MADUREIRA X JARDIM OCEÂNICO ( EXPRESSO ),1.511235435E12
30531,-23.002055,281.0,5700A1,-43.36602666666667,ida,19.0,30 - ALVORADA X GALEÃO ( SEMI - DIRETO),1.5112363E12
87579,-22.901853333333335,132.0,5805A1,-43.554806666666664,ida,0.0,17- CAMPO GRANDE X SANTA CRUZ ( PARADOR ),1.511236321E12
22034,-22.932055,0.0,0.0,-43.38217000000001,,40.744,,1.510679873E12
87557,-22.920445,4029.0,5805N,-43.60775833333334,volta,0.0,5805N1 - SANTA CRUZ X  CAMPO GRANDE,1.51074863E12
87417,-22.917098333333335,225.0,879A1,-43.60837333333334,ida,0.926,879A1 - CAMPO GRANDE X MAGARÇA,1.511236321E12
47015,-23.001825,3311.0,50,-43.365968333333335,volta,0.0,50- Jardim Oceânico x Terminal Olimpico (Parador),1.511234873E12
86342,-22.595588333333332,277.0,853A1,-43.297733333333326,volta,0.926,853A1 -MATO ALTO x  VILA KENNEDY,1.511195913E12
39651,-22.914865000000002,0.0,0.0,-43.346471666666666,,28.3356,,1.504716712E12
86806,-22.59448,106.0,5800A1,-43.297776666666664,ida,0.0,10- SANTA CRUZ X ALVORADA ( EXPRESSO ),1.511236098E12
47566,-22.951548333333335,939A,-43.348911666666666,volta,0.0,939A - GARDÊNIA AZUL  X  TANQUE,1.511235429E12
816910,-22.975718333333333,0.0,0.0,-43.367216666666664,,0.0,,1.503347362E12
854004,-22.975321666666666,0.0,0.0,-43.36718833333333,,0.0,,1.503351684E12
39521,-22.97518,0.0,0.0,-43.36758666666667,,0.0,,1.494008715E12
815730,-22.975568333333335,0.0,0.0,-43.36718,,0.0,,1.503434291E12
39744,-22.965176666666668,0.0,0.0,-43.39171833333333,,0.0,,1.50350501E12
86869,-22.894793333333332,107.0,5800A1,-43.531745,volta,10.0,10 - ALVORADA X SANTA CRUZ ( EXPRESSO ),1.511236313E12
75604,-22.831545,4056.0,355A1,-43.323646666666654,ida,0.0,355A1 - MADUREIRA - PRAÇA TIRADENTES,1.511235963E12
44590,-22.860666666666663,162.0,721A1,-43.35557833333333,ida,0.0,721A1 - VILA CRUZEIRO XCASCADURA,1.510747477E12
MK026 -KXT-8324,-22.994075,0.0,0.0,-43.594963,,0.0,,1.51074873E12
44508,-22.838395,162.0,721A1,-43.284636666666664,ida,9.26,721A1 - VILA CRUZEIRO XCASCADURA,1.511230854E12
512203,-22.867011666666667,4331.0,000,-43.354985000000006,ida,0.0,SEM SERVIÇO - IDA,1.511235325E12
10032,-22.815535,0.0,0.0,-43.186436666666665,,0.0,,1.511234684E12
833389,-22.97539,0.0,0.0,-43.36714833333333,,0.0,,1.500934806E12
50045,-22.97512,0.0,0.0,-43.49256833333334,,7.5932,,1.510693403E12
22038,-22.878486666666664,4331.0,000,-43.272746666666656,ida,0.3704,SEM SERVIÇO - IDA,1.510679049E12
44733,-22.849681666666665,146.0,5704A1,-43.32324333333333,ida,0.0,36 - FUNDÃO X ALVORADA ( EXPRESSO ),1.511234558E12
22012,-22.973241666666667,4745.0,38,-43.37651666666667,ida,48.0,38 - ALVORADA X FUNDÃO (PARADOR),1.511236321E12
87588,-22.920253333333335,133.0,5805A1,-43.608085,volta,0.0,17- SANTA CRUZ X CAMPO GRANDE ( PARADOR ),1.511236311E12
22067,-22.957276666666665,237.0,890A1,-43.34510999999999,volta,0.0,890A1 - TERMINAL ALVORADA X TANQUE,1.511235629E12
13424,-23.00067,107.0,5800A1,-43.36739,volta,0.0,10 - ALVORADA X SANTA CRUZ ( EXPRESSO ),1.511229016E12
86890,-22.896605,107.0,5800A1,-43.53245,volta,0.0,10 - ALVORADA X SANTA CRUZ ( EXPRESSO ),1.511236219E12
10044,-22.815591666666666,0.0,0.0,-43.186498333333326,,0.1852,,1.510022716E12
44566,-22.860335000000003,162.0,721A1,-43.355749999999986,ida,0.0,721A1 - VILA CRUZEIRO XCASCADURA,1.511234925E12
22057,-22.957318333333333,3901.0,827A1,-43.34546666666665,volta,0.0,827A1 - VARGEM GRANDE X RECREIO,1.51123527E12
22009,-23.001773333333333,0.0,0.0,-43.365175,,6.0,,1.511228094E12
44537,-22.860396666666663,162.0,721A1,-43.355895,ida,0.0,721A1 - VILA CRUZEIRO XCASCADURA,1.511236316E12
86021,-22.895583333333335,278.0,853A1,-43.533158333333326,ida,0.0,853A1- VILA KENNEDY X MATO ALTO,1.511236296E12
86800,-22.902295,106.0,5800A1,-43.54805,ida,48.0,10- SANTA CRUZ X ALVORADA ( EXPRESSO ),1.511236322E12
86293,-22.893399999999996,228.0,883A1,-43.53185166666667,volta,0.0,883A1 - MATO ALTO X BANGU,1.511234429E12
39827,-22.75070333333333,3815.0,5706A1,-43.28679666666667,ida,0.0,40 - MADUREIRA X JARDIM OCEÂNICO ( EXPRESSO ),1.48889339E12
833417,-22.97543,0.0,0.0,-43.367075,,0.0,,1.501611571E12
86052,-22.894356666666667,277.0,853A1,-43.53125333333334,volta,0.3704,853A1 -MATO ALTO x  VILA KENNEDY,1.511236199E12
47030,-23.002075,281.0,5700A1,-43.365385,ida,0.0,30 - ALVORADA X GALEÃO ( SEMI - DIRETO),1.511234781E12
816923,-22.975275,0.0,0.0,-43.36712,,0.0,,1.502926701E12
362108,-22.975255,0.0,0.0,-43.36707666666668,,0.3704,,1.500573362E12
87575,-22.919931666666667,128.0,5804A1,-43.60751333333333,ida,0.0,15 - PACIÊNCIA X SALVADOR ALLENDE ( EXPRESSO ),1.511236324E12
39532,-22.96516833333333,0.0,0.0,-43.39135166666668,,0.1852,,1.493320615E12
12702,-22.854705,4331.0,000,-43.25186,ida,0.0,SEM SERVIÇO - IDA,1.511234772E12
50172,-22.928656666666665,0.0,0.0,-43.254124999999995,,30.7432,,1.511162324E12
39580,-22.97529333333334,0.0,0.0,-43.36739000000001,,5.7412,,1.494010877E12
30116,-22.875519999999998,0.0,0.0,-43.41903666666667,,0.1852,,1.511198083E12
86823,-22.896143333333335,132.0,5805A1,-43.532196666666664,ida,0.0,17- CAMPO GRANDE X SANTA CRUZ ( PARADOR ),1.511236171E12
86272,-22.896646666666665,208.0,854B1,-43.53275,ida,0.0,854B1- CAMPO GRANDE X MATO ALTO,1.511200194E12
39656,-22.975205,0.0,0.0,-43.36736333333335,,2.5928,,1.494005098E12
367637,-22.97543166666667,0.0,0.0,-43.36714666666667,,0.5556,,1.501610957E12
87571,-22.920351666666665,104.0,5800N1,-43.607708333333335,ida,0.0,11 - SANTA CRUZ X ALVORADA,1.511234222E12
22039,-22.957544999999996,241.0,991A1,-43.34652833333333,volta,0.0,991A1 - ALVORADA X TAQUARA,1.511235807E12
44561,-22.860255,163.0,721A1,-43.35629499999998,volta,0.3704,721A1 - CASCADURA X VILA CRUZEIRO,1.511235489E12
22031,-22.956743333333332,0.0,0.0,-43.34625499999999,,0.5556,,1.51123268E12
30539,-23.002106666666666,107.0,5800A1,-43.366458333333334,volta,0.0,10 - ALVORADA X SANTA CRUZ ( EXPRESSO ),1.511235731E12
86891,-22.895686666666666,106.0,5800A1,-43.53243333333333,ida,0.0,10- SANTA CRUZ X ALVORADA ( EXPRESSO ),1.511236286E12
30228,-22.88069666666667,4782.0,LECD23,-43.358415,volta,0.0,LECD23 (MADUREIRA X FREGUESIA - VIA CASCADURA),1.511235613E12
22048,-22.957248333333336,3900.0,827A1,-43.34564333333334,ida,0.0,827A1 - RECREIO X VARGEM GRANDE,1.511236311E12
13402,-23.00085,109.0,5702A1,-43.36506,volta,0.0,35 - ALVORADA  X  MADUREIRA ( PARADOR ) - Volta,1.511229007E12
82518,-22.85986833333333,0.0,0.0,-43.370615,,0.0,,1.511235799E12
47724,-22.95288333333333,939A,-43.350483333333344,volta,0.0,939A - GARDÊNIA AZUL  X  TANQUE,1.511235364E12
10083,-22.81538333333333,3911.0,910A,-43.18732666666668,ida,0.0,910N1 - IDA - BANANAL X VAZ LOBO,1.511235788E12
86846,-22.89549166666667,0.0,0.0,-43.532385,,0.0,,1.511236108E12
86847,-22.896721666666668,0.0,0.0,-43.532595,,0.0,,1.511236099E12
50306,-22.95962,3552.0,5850A1,-43.395588333333336,volta,0.0,51 - Vila Militar x T. Recreio (Parador),1.511236271E12
512547,-22.70523166666667,0.0,0.0,-43.45210666666665,,0.0,,1.504703374E12
86046,-22.895878333333332,392.0,916A1,-43.53304,ida,0.0,916A1 - MADUREIRA - BONSUCESSO,1.511236146E12
44704,-22.860991666666667,136.0,019,-43.356138333333334,ida,0.0,019 - CAMPO GRANDE X CESARÃO ( PARADOR ),1.511236317E12
30090,-22.938013333333334,231.0,882A1,-43.34971666666667,volta,0.1852,882A1 - ALVORADA X TANQUE,1.510691658E12
30369,-22.87963333333333,230.0,882A1,-43.35698333333333,ida,0.0,882A1 - TANQUE X ALVORADA,1.511236041E12
39829,-22.96521666666667,0.0,0.0,-43.39205666666667,,0.0,,1.481493364E12
86882,-22.896818333333332,106.0,5800A1,-43.53261333333333,ida,0.0,10- SANTA CRUZ X ALVORADA ( EXPRESSO ),1.511188813E12
47485,-22.952133333333336,0.0,0.0,-43.34926833333332,,0.0,,1.511236067E12
86860,-22.894176666666667,4331.0,000,-43.53174166666667,ida,0.0,SEM SERVIÇO - IDA,1.510748586E12
87582,-22.919951666666666,4331.0,000,-43.60718833333333,ida,0.0,SEM SERVIÇO - IDA,1.511236315E12
44551,-22.860321666666664,4331.0,000,-43.35606500000001,ida,0.0,SEM SERVIÇO - IDA,1.510747398E12
75582,-22.83074,4057.0,355A1,-43.32399833333332,volta,2.778,355A1 - PRAÇA TIRADENTES X MADUREIRA,1.495731029E12
47006,-23.001836666666666,0.0,0.0,-43.367018333333334,,0.0,,1.511236063E12
816412,-22.975291666666667,0.0,0.0,-43.36714833333333,,0.0,,1.509364329E12
TESTE AUDIO,-22.975191666666667,0.0,0.0,-43.36710166666667,,0.0,,1.50308444E12
47622,-22.951533333333334,939A,-43.34889833333333,volta,0.0,939A - GARDÊNIA AZUL  X  TANQUE,1.511235478E12
75562,-22.830508333333334,4054.0,928A1,-43.32374333333334,ida,0.0,928A1 - RAMOS X MARECHAL HERMES (CIRCULAR),1.511235203E12
12711,-22.959695,4027.0,5850N1,-43.39547666666667,ida,0.0,5850N1 -T. RECREIO X VILA MILITAR,1.511235143E12
86349,-22.895851666666665,326.0,871A1,-43.533185,ida,0.0,871A1 - CESARÃO X SEPETIBA,1.511235389E12
87414,-22.91693166666666,225.0,879A1,-43.60769333333333,ida,0.0,879A1 - CAMPO GRANDE X MAGARÇA,1.483547592E12
75660,-22.83137,4054.0,928A1,-43.324139999999986,ida,0.0,928A1 - RAMOS X MARECHAL HERMES (CIRCULAR),1.505455769E12
39732,-16.675154999999997,0.0,0.0,-49.144998333333334,,0.0,,1.504716747E12
525759,-22.97544833333333,0.0,0.0,-43.36711500000001,,0.0,,1.500568757E12
87593,-22.919958333333334,120.0,5801A1,-43.60727,ida,0.0,12 - PINGO D'AGUA X ALVORADA ( EXPRESSO ),1.511236307E12
518133,-22.975276666666666,0.0,0.0,-43.36707,,0.0,,1.502741551E12
13416,-22.819515,3551.0,5850A1,-43.356093333333334,ida,56.0,51 - T. Recreio x Vila Militar (Parador),1.510665269E12
12706,-23.000888333333332,3552.0,5850A1,-43.367635,volta,0.0,51 - Vila Militar x T. Recreio (Parador),1.510748479E12
86371,-22.893803333333334,227.0,855A1,-43.533396666666675,volta,0.0,855A1 - MAGARÇA X BANGU,1.511236264E12
44512,-22.860313333333337,162.0,721A1,-43.35589166666666,ida,0.0,721A1 - VILA CRUZEIRO XCASCADURA,1.51123577E12
53688,-22.883335,132.0,5805A1,-43.496136666666665,ida,0.0,17- CAMPO GRANDE X SANTA CRUZ ( PARADOR ),1.511235166E12
86238,-22.894613333333336,229.0,883A1,-43.533166666666666,ida,0.0,883A1 - BANGU X MATO ALTO,1.511163545E12
13069,-22.45451333333333,0.0,0.0,-44.38233166666667,,81.3028,,1.486469014E12
86142,-22.896179999999998,276.0,SR872A1,-43.533071666666665,ida,0.0,SR872A1 - CESARÃO III X SEPETIBA,1.511236321E12
30528,-23.002078333333333,281.0,5700A1,-43.366236666666666,ida,0.0,30 - ALVORADA X GALEÃO ( SEMI - DIRETO),1.511236176E12
47023,-22.951783333333335,4808.0,25,-43.348576666666666,volta,1.0,25 - J.OCEÂNICO X MATO ALTO,1.511234904E12
358044,-22.975581666666667,0.0,0.0,-43.36715333333335,,0.3704,,1.502743443E12
12724,-22.959925,3551.0,5850A1,-43.395455,ida,0.0,51 - T. Recreio x Vila Militar (Parador),1.511236192E12
PKP031 -LUH-4150,-23.000679,0.0,0.0,-43.363769,,0.0,,1.511235368E12
44603,-22.860425000000003,163.0,721A1,-43.355354999999996,volta,0.0,721A1 - CASCADURA X VILA CRUZEIRO,1.511235321E12
50301,-22.85478,148.0,5704N1,-43.25207666666667,ida,0.0,5704N1- FUNDÃO X ALVORADA,1.511235879E12
22007,-23.001821666666668,4331.0,000,-43.36503666666667,ida,0.0,SEM SERVIÇO - IDA,1.51123472E12
75648,-22.831555,4056.0,355A1,-43.26921333333333,ida,30.1876,355A1 - MADUREIRA - PRAÇA TIRADENTES,1.510824536E12
75564,-22.830601666666666,4055.0,928A1,-43.323730000000005,volta,0.0,928A1 -  MARECHAL HERMES X RAMOS(CIRCULAR),1.511236309E12
87555,-22.920221666666666,128.0,5804A1,-43.60784833333334,ida,0.0,15 - PACIÊNCIA X SALVADOR ALLENDE ( EXPRESSO ),1.511236308E12
39654,-22.964991666666666,0.0,0.0,-43.392129999999995,,0.0,,1.501810819E12
86288,-22.89573833333333,325.0,871A1,-43.53321833333333,volta,0.0,871A1 - SEPETIBA X CESARÃO,1.511236299E12
816904,-22.975215,0.0,0.0,-43.3671,,0.0,,1.503338838E12
22070,-22.957244999999997,3899.0,817A1,-43.34574333333333,volta,0.0,817A1 - VARGEM GRANDE X RECREIO,1.5107471E12
MK015 -KWH-5520,-22.994744,0.0,0.0,-43.39356,,0.0,,1.506935938E12
86873,-22.895723333333333,107.0,5800A1,-43.53278,volta,0.0,10 - ALVORADA X SANTA CRUZ ( EXPRESSO ),1.511236183E12
27201,-22.84967,146.0,5704A1,-43.3229,ida,0.0,36 - FUNDÃO X ALVORADA ( EXPRESSO ),1.511234995E12
75514,-22.831105,4054.0,928A1,-43.323726666666666,ida,0.5556,928A1 - RAMOS X MARECHAL HERMES (CIRCULAR),1.510991181E12
39815,-23.000591666666665,3495.0,076,-43.36486166666667,unico,7.0,TERMINAL JARDIM OCEÂNICO X CENTRAL ( NOTURNO ),1.497456735E12
10306,-22.814845,146.0,5704A1,-43.18785166666667,ida,0.0,36 - FUNDÃO X ALVORADA ( EXPRESSO ),1.511235017E12
75537,-22.815513333333335,4056.0,355A1,-43.18752833333335,ida,0.0,355A1 - MADUREIRA - PRAÇA TIRADENTES,1.509082075E12
30126,-22.95098666666667,4331.0,000,-43.34785500000001,ida,0.0,SEM SERVIÇO - IDA,1.51123524E12
75578,-22.869819999999997,0.0,0.0,-43.34117833333333,,0.5556,,1.499455379E12
50302,-22.854778333333332,4049.0,42,-43.252085,ida,0.0,42 - FUNDÃO X DIVINA PROVIDÊNCIA (PARADOR),1.511236254E12
53528,-22.910040000000002,272.0,858A1,-43.694233333333344,volta,47.226,858A1 - PACIÊNCIA  X SÃO FERNANDO,1.511235733E12
44714,-22.839773333333333,148.0,5704N1,-43.239538333333336,ida,0.0,5704N1- FUNDÃO X ALVORADA,1.511236296E12
82558,-22.98288,0.0,0.0,-43.46905,,47.226,,1.509714393E12
44527,-22.860398333333332,162.0,721A1,-43.35599666666667,ida,0.0,721A1 - VILA CRUZEIRO XCASCADURA,1.511234914E12
39724,-22.811605,0.0,0.0,-43.33177666666667,,2.778,,1.491843678E12
854169,-22.975371666666668,0.0,0.0,-43.367041666666665,,0.0,,1.502995694E12
RB16,-23.000766,4331.0,000,-43.364463,ida,0.0,SEM SERVIÇO - IDA,1.51123512E12
53541,-22.884243333333334,279.0,SR870A,-43.49612833333334,ida,0.0,SR 870A - SEPETIBA X SANTA CRUZ,1.511236314E12
12719,-22.854706666666665,3815.0,40,-43.251933333333334,ida,0.0,40 - MADUREIRA X JARDIM OCEÂNICO ( EXPRESSO ),1.511234828E12
22015,-22.957483333333332,3311.0,50,-43.345486666666666,volta,0.0,50- Jardim Oceânico x Terminal Olimpico (Parador),1.511235863E12
86361,-22.893213333333332,208.0,854B1,-43.531996666666664,ida,0.0,854B1- CAMPO GRANDE X MATO ALTO,1.511235983E12
12720,-22.959921666666666,105.0,5800N1,-43.395585,volta,0.0,11 - ALVORADA X SANTA CRUZ,1.511236273E12
856503,-22.97536,0.0,0.0,-43.367145,,0.0,,1.503066252E12
22014,-22.957488333333334,4810.0,21A,-43.34523,volta,0.0,21A -  J.O  X RECREIO SHOPPING (PARADOR),1.511212467E12
86856,-22.895451666666666,120.0,5801A1,-43.532585,ida,0.0,12 - PINGO D'AGUA X ALVORADA ( EXPRESSO ),1.51074856E12
75659,-22.830323333333332,4056.0,355A1,-43.324028333333324,ida,0.0,355A1 - MADUREIRA - PRAÇA TIRADENTES,1.511236212E12
87168,-22.91948166666667,243.0,896A1,-43.60745166666667,volta,0.0,896A1 - MATO ALTO X PDG,1.484197932E12
47027,-23.001838333333332,4331.0,000,-43.366503333333334,ida,0.0,SEM SERVIÇO - IDA,1.511234536E12
75522,-22.830953333333333,4054.0,928A1,-43.32404833333333,ida,0.0,928A1 - RAMOS X MARECHAL HERMES (CIRCULAR),1.507213504E12
86009,-22.894136666666668,287.0,897A1,-43.531436666666664,ida,1.2964,897A1 - PACIÊNCIA X PINGO D'AGUA,1.511236302E12
86002,-22.89342166666667,210.0,853V1,-43.531951666666664,ida,0.0,853V1 - VILA KENNEDY X MATO ALTO,1.511236292E12
854616,-22.975218333333334,0.0,0.0,-43.367106666666665,,0.0,,1.503437119E12
86260,-22.894918333333333,210.0,853V1,-43.532313333333335,ida,0.0,853V1 - VILA KENNEDY X MATO ALTO,1.511235781E12
13401,-23.000941666666666,109.0,5702A1,-43.36546166666667,volta,0.0,35 - ALVORADA  X  MADUREIRA ( PARADOR ) - Volta,1.511212953E12
30123,-22.88020333333333,4782.0,LECD23,-43.35834333333332,volta,0.1852,LECD23 (MADUREIRA X FREGUESIA - VIA CASCADURA),1.511236297E12
817075,-22.975358333333332,0.0,0.0,-43.36712333333333,,0.0,,1.503437963E12
856406,-22.975175,0.0,0.0,-43.36713666666667,,0.0,,1.502980937E12
30518,-23.001788333333334,281.0,5700A1,-43.365811666666666,ida,0.0,30 - ALVORADA X GALEÃO ( SEMI - DIRETO),1.511234961E12
12733_teste,-23.001084,4745.0,094A1,-43.3654,ida,0.0,38 - ALVORADA X FUNDÃO (PARADOR),1.500573333E12
30525,-23.002106666666666,3310.0,50,-43.36665,ida,0.0,50 - Terminal Olimpico x Jardim Oceânico ( Parador ),1.511235278E12
22053,-23.02391,200.0,823A1,-43.49262333333333,ida,50.93,823A1 - RECREIO X VARGEM GRANDE,1.511236292E12
30188,-22.88013,4331.0,000,-43.35829999999999,ida,0.0,SEM SERVIÇO - IDA,1.511236182E12
87566,-22.920586666666665,133.0,5805A1,-43.60713166666667,volta,0.0,17- SANTA CRUZ X CAMPO GRANDE ( PARADOR ),1.51123632E12
53544,-22.88368666666667,271.0,858A1,-43.49583166666666,ida,0.0,858A1 - SÃO FERNANDO X PACIÊNCIA,1.511236269E12
12742,-22.85467166666667,282.0,5700A1,-43.25183,volta,0.0,30 - GALEÃO X ALVORADA ( SEMI - DIRETO),1.511235952E12
350898,-22.997956666666663,0.0,0.0,-43.26583000000001,,37.04,,1.501779269E12
854133,-22.974625,0.0,0.0,-43.36699,,1.0,,1.503438737E12
86159,-22.895705,275.0,SR872A1,-43.532915,volta,0.0,SR872A1 - SEPETIBA X CESARÃO III,1.511235443E12
47747,-22.917680000000004,2407.0,939A,-43.364025000000005,ida,38.1512,939A - TANQUE X GARDÊNIA AZUL,1.5107487E12
10307,-22.81482,4331.0,000,-43.18763833333333,ida,0.0,SEM SERVIÇO - IDA,1.511236061E12
41432,-23.000973333333334,149.0,5704N1,-43.36538,volta,0.0,5704N1 - ALVORADA X FUNDÃO,1.51123632E12
47887,-22.871355,116.0,610A1,-43.48943166666666,ida,28.3356,610A1 - BRT TANQUE X DEL CASTILHO,1.510335398E12
47889,-22.952156666666664,116.0,610A1,-43.34982999999999,ida,0.0,610A1 - BRT TANQUE X DEL CASTILHO,1.511235274E12
87570,-22.919933333333333,133.0,5805A1,-43.607078333333334,volta,0.0,17- SANTA CRUZ X CAMPO GRANDE ( PARADOR ),1.511236133E12
833208,-22.97519,0.0,0.0,-43.36719333333333,,0.0,,1.503517934E12
87586,-22.920445,133.0,5805A1,-43.60771833333333,volta,0.0,17- SANTA CRUZ X CAMPO GRANDE ( PARADOR ),1.511236318E12
87554,-22.80446,0.0,0.0,-43.30613666666667,,0.0,,1.507400154E12
10058,-22.815316666666664,0.0,0.0,-43.18769166666667,,4.0744,,1.510020559E12
13408,-22.888185,147.0,5704A1,-43.34565,volta,37.0,36 - ALVORADA X FUNDÃO ( EXPRESSO ),1.510748634E12
10103,-22.815016666666665,0.0,0.0,-43.187401666666666,,0.0,,1.511236296E12
47725,-22.95311166666667,0.0,0.0,-43.35075666666668,,0.0,,1.511236174E12
30154,-22.87977,4782.0,LECD23,-43.35800166666668,volta,0.3704,LECD23 (MADUREIRA X FREGUESIA - VIA CASCADURA),1.511234691E12
39751,-22.97523833333333,0.0,0.0,-43.36749,,9.8156,,1.494010963E12
75622,-22.830918333333337,4331.0,000,-43.323838333333335,ida,0.0,SEM SERVIÇO - IDA,1.511235261E12
856492,-22.975355,106.0,5800A1,-43.36703166666667,ida,0.0,10- SANTA CRUZ X ALVORADA ( EXPRESSO ),1.510345286E12
39729,-16.717346666666664,0.0,0.0,-49.236466666666665,,0.5556,,1.501783979E12
86352,-22.895179999999996,226.0,855A1,-43.533080000000005,ida,0.0,855A1 - BANGU X MAGARÇA,1.511191042E12
86025,-22.89355333333333,229.0,883A1,-43.532313333333335,ida,0.0,883A1 - BANGU X MATO ALTO,1.511235851E12
86880,-22.896553333333333,4807.0,25,-43.53250666666667,ida,0.0,25 - MATO ALTO X J.OCEÂNICO,1.511236296E12
86043,-22.895361666666666,226.0,855A1,-43.53254333333333,ida,0.0,855A1 - BANGU X MAGARÇA,1.511235687E12
30155,-22.880461666666665,4782.0,LECD23,-43.358448333333335,volta,0.0,LECD23 (MADUREIRA X FREGUESIA - VIA CASCADURA),1.511236281E12
857058,-22.975133333333332,0.0,0.0,-43.367113333333336,,0.0,,1.503511227E12
816628,-22.975443333333335,0.0,0.0,-43.367055,,0.0,,1.503503606E12
856558,-22.97523,0.0,0.0,-43.367201666666666,,0.0,,1.503082094E12
10197,-22.814918333333335,0.0,0.0,-43.18732999999999,,0.0,,1.510026264E12
86354,-22.893815000000004,227.0,855A1,-43.53350166666667,volta,57.412,855A1 - MAGARÇA X BANGU,1.510682465E12
86151,-22.89526,220.0,874V1,-43.533126666666675,ida,0.0,874V1 - MARAMBAIA - PONTAL,1.511236313E12
12731,-22.861748333333335,4028.0,5850N1,-43.399991666666665,volta,0.0,5850N1- VILA MILITAR X T. RECREIO,1.511236307E12
STRADA 028 -KOW7652,-23.000663333333332,0.0,0.0,-43.36369333333332,,5.556,,1.499374335E12
86821,-22.89465,129.0,5804A1,-43.531535,volta,0.0,15 - SALVADOR ALLENDE X PACIÊNCIA ( EXPRESSO ),1.510935393E12
47891,-22.95143666666667,116.0,610A1,-43.348971666666664,ida,0.0,610A1 - BRT TANQUE X DEL CASTILHO,1.511235575E12
30362,-22.880499999999998,1409.0,877A1,-43.35848333333333,ida,0.0,877A1 - TANQUE X RIO DAS PEDRAS,1.511222272E12
10101,-22.815784999999998,0.0,0.0,-43.18675166666665,,0.0,,1.510020343E12
75571,-22.830824999999997,4331.0,000,-43.32363833333332,ida,0.0,SEM SERVIÇO - IDA,1.511236302E12
87561,-22.919936666666665,132.0,5805A1,-43.60746666666667,ida,0.0,17- CAMPO GRANDE X SANTA CRUZ ( PARADOR ),1.511236319E12
816877,-22.975318333333334,0.0,0.0,-43.36714,,0.0,,1.50352215E12
346621,-22.975516666666667,0.0,0.0,-43.367055000000015,,2.778,,1.50152539E12
30503,-22.879636666666666,3815.0,40,-43.356878333333334,ida,0.0,40 - MADUREIRA X JARDIM OCEÂNICO ( EXPRESSO ),1.510963545E12
87413,-22.918756666666663,238.0,891A1,-43.60854500000001,ida,0.0,891A1 - SEPETIBA X MATO ALTO,1.511236233E12
22028,-22.95304166666666,0.0,0.0,-43.38718833333333,,11.4824,,1.483018996E12
86878,-22.895745,120.0,5801A1,-43.53286166666667,ida,0.0,12 - PINGO D'AGUA X ALVORADA ( EXPRESSO ),1.511235373E12
86824,-22.896781666666666,104.0,5800N1,-43.53268333333333,ida,0.0,11 - SANTA CRUZ X ALVORADA,1.511236309E12
857030,-22.97542333333333,0.0,0.0,-43.367153333333334,,0.0,,1.503523153E12
30172,-22.880659999999995,4782.0,LECD23,-43.358426666666674,volta,0.3704,LECD23 (MADUREIRA X FREGUESIA - VIA CASCADURA),1.511236003E12
12726,-22.959921666666666,3551.0,5850A1,-43.395603333333334,ida,0.0,51 - T. Recreio x Vila Militar (Parador),1.511236311E12
CAMINH��O 030,-22.869118,0.0,0.0,-43.589808,,0.0,,1.511234868E12
30085,-22.879485,257.0,932A1,-43.357124999999996,volta,0.0,932A1 - TANQUE X GARDÊNIA AZUL,1.511235571E12
87553,-22.91989166666667,128.0,5804A1,-43.60736166666667,ida,0.0,15 - PACIÊNCIA X SALVADOR ALLENDE ( EXPRESSO ),1.511236309E12
30508,-23.0018,4808.0,25,-43.36555,volta,0.0,25 - J.OCEÂNICO X MATO ALTO,1.511236244E12
817106,-22.974855,0.0,0.0,-43.367055,,3.0,,1.503335553E12
39813,-22.96532,3495.0,076,-43.39162666666667,unico,0.0,TERMINAL JARDIM OCEÂNICO X CENTRAL ( NOTURNO ),1.496468106E12
47018,-23.002571666666668,109.0,5702A1,-43.36642666666667,volta,0.0,35 - ALVORADA  X  MADUREIRA ( PARADOR ) - Volta,1.511235679E12
86304,-22.876861666666667,229.0,883A1,-43.463693333333325,ida,0.3704,883A1 - BANGU X MATO ALTO,1.510684538E12
816765,-22.975376666666666,0.0,0.0,-43.36714833333333,,0.0,,1.50351885E12
854399,-22.975758333333335,0.0,0.0,-43.36702,,0.0,,1.502998642E12
47032,-23.000905,4050.0,42,-43.36506833333333,volta,0.0,42 -  DIVINA PROVIDÊNCIA X FUNDÃO(PARADOR),1.511236163E12
39606,-22.964835,0.0,0.0,-43.39208333333332,,0.0,,1.493917663E12
856619,-22.975346666666667,0.0,0.0,-43.367108333333334,,0.0,,1.503352342E12
86853,-22.897043333333333,132.0,5805A1,-43.53257833333333,ida,0.0,17- CAMPO GRANDE X SANTA CRUZ ( PARADOR ),1.511235221E12
75526,-22.87010666666667,5045.0,355N1,-43.34135833333333,ida,0.1852,355N1 - MADUREIRA - PRAÇA TIRADENTES,1.511235921E12
44731,-22.849775,109.0,5702A1,-43.323346666666666,volta,0.0,35 - ALVORADA  X  MADUREIRA ( PARADOR ) - Volta,1.511235854E12
47857,-22.952796666666668,3087.0,954A1,-43.35097833333332,volta,0.0,954A1  - TAQUARA X RECREIO,1.511236033E12
39574,-22.964795000000002,0.0,0.0,-43.39175333333333,,0.0,,1.497949965E12
47001,-23.00176,3311.0,50,-43.36601666666667,volta,0.0,50- Jardim Oceânico x Terminal Olimpico (Parador),1.511234806E12
86808,-23.0009,105.0,5800N1,-43.367778333333334,volta,0.0,11 - ALVORADA X SANTA CRUZ,1.511236306E12
857214,-22.975228333333334,0.0,0.0,-43.36709833333333,,0.0,,1.501612405E12
854417,-22.9752,0.0,0.0,-43.36721,,0.0,,1.50307395E12
75570,-22.830901666666666,4331.0,000,-43.323773333333335,ida,0.0,SEM SERVIÇO - IDA,1.511235381E12
87423,-22.91654833333333,284.0,SV870,-43.60772499999999,volta,0.0,SV870A1 - SANTA CRUZ X SEPETIBA ( VIA CROÁCIA ),1.48274919E12
87549,-22.917326666666668,128.0,5804A1,-43.60776166666667,ida,20.0,15 - PACIÊNCIA X SALVADOR ALLENDE ( EXPRESSO ),1.511234714E12
833216,-22.975533333333335,0.0,0.0,-43.36719333333333,,0.0,,1.500917775E12
12727,-22.959548333333334,3552.0,5850A1,-43.39534333333334,volta,0.0,51 - Vila Militar x T. Recreio (Parador),1.511235862E12
10136,-22.81534,0.0,0.0,-43.186393333333335,,0.926,,1.51002173E12
86341,-22.99552833333333,209.0,854B1,-43.59496833333333,volta,43.8924,854B1 - MATO ALTO X  CAMPO GRANDE,1.510748692E12
816719,-22.975296666666665,0.0,0.0,-43.3671,,0.0,,1.503330142E12
12713,-22.959878333333332,121.0,5801A1,-43.39563166666667,volta,0.0,12 - ALVORADA X PINGO D'AGUA ( EXPRESSO ),1.511236266E12
846509,-22.975231666666666,0.0,0.0,-43.367135,,0.0,,1.503509668E12
47720,-22.952391666666667,241.0,991A1,-43.348943333333345,volta,0.0,991A1 - ALVORADA X TAQUARA,1.511235031E12
75647,-22.899001666666663,5045.0,355N1,-43.20724,ida,27.5948,355N1 - MADUREIRA - PRAÇA TIRADENTES,1.511236296E12
12728,-22.959625,282.0,5700A1,-43.395383333333335,volta,0.0,30 - GALEÃO X ALVORADA ( SEMI - DIRETO),1.51123475E12
50170,-22.497718333333335,4331.0,000,-43.228591666666674,ida,63.3384,SEM SERVIÇO - IDA,1.506243882E12
12702_teste,-22.967663,3310.0,5811A1,-43.397622,ida,0.0,50 - Terminal Olimpico x Jardim Oceânico ( Parador ),1.500984817E12
30102,-22.951916666666662,4331.0,000,-43.39165333333334,ida,8.334,SEM SERVIÇO - IDA,1.510683932E12
75548,-22.831046666666666,4057.0,355A1,-43.32369666666667,volta,0.0,355A1 - PRAÇA TIRADENTES X MADUREIRA,1.502982183E12
30246,-22.87930833333333,4781.0,LECD23,-43.35692833333333,ida,0.0,LECD23 (FREGUESIA X MADUREIRA VIA CASCADURA),1.511234949E12
86855,-22.89565,120.0,5801A1,-43.532943333333336,ida,0.0,12 - PINGO D'AGUA X ALVORADA ( EXPRESSO ),1.511235754E12
13418,-23.00103,3310.0,50,-43.365098333333336,ida,0.0,50 - Terminal Olimpico x Jardim Oceânico ( Parador ),1.511234985E12
SAVEIRO 017 -KVT4954,-22.814731,0.0,0.0,-43.187213,,0.0,,1.506104794E12
47009,-23.002268333333333,121.0,5801A1,-43.36642666666667,volta,0.0,12 - ALVORADA X PINGO D'AGUA ( EXPRESSO ),1.511236313E12
87565,-22.920585,128.0,5804A1,-43.60720166666667,ida,0.0,15 - PACIÊNCIA X SALVADOR ALLENDE ( EXPRESSO ),1.511236312E12
837886,-22.975055,0.0,0.0,-43.36716333333333,,0.0,,1.500929125E12
30117,-22.862280000000002,4331.0,000,-43.431521666666654,ida,59.4492,SEM SERVIÇO - IDA,1.510748556E12
53511,-22.883786666666666,279.0,SR870A,-43.49624666666667,ida,0.0,SR 870A - SEPETIBA X SANTA CRUZ,1.511234733E12
30501,-23.001786666666668,3816.0,40,-43.366708333333335,volta,0.0,40 - JARDIM OCEÂNICO X MADUREIRA ( EXPRESSO ),1.510747927E12
75662,-22.907966666666667,4057.0,355A1,-43.18972833333334,volta,0.1852,355A1 - PRAÇA TIRADENTES X MADUREIRA,1.511217645E12
39730,-22.96448,0.0,0.0,-43.39201999999999,,0.3704,,1.486896636E12
39748,-22.964746666666663,0.0,0.0,-43.391831666666654,,0.0,,1.498590012E12
75550,-22.82937833333334,0.0,0.0,-43.32404333333334,,19.446,,1.482991967E12
8114046,-23.008361,0.0,0.0,-43.437362,,0.0,,1.505312898E12
47017,-23.001836666666666,147.0,5704A1,-43.36673,volta,0.0,36 - ALVORADA X FUNDÃO ( EXPRESSO ),1.511236255E12
10107,-22.815175,0.0,0.0,-43.18683666666666,,0.0,,1.511236308E12
12703,-22.8547,147.0,5704A1,-43.25194333333334,volta,0.0,36 - ALVORADA X FUNDÃO ( EXPRESSO ),1.510748476E12
837894,-22.97541,0.0,0.0,-43.36712333333333,,0.0,,1.503343397E12
362747,-22.975278333333335,0.0,0.0,-43.36712666666666,,0.1852,,1.504711389E12
10092,-22.81547333333333,0.0,0.0,-43.18756999999999,,0.0,,1.511235344E12
87574,-22.920621666666666,106.0,5800A1,-43.607798333333335,ida,0.0,10- SANTA CRUZ X ALVORADA ( EXPRESSO ),1.511236315E12
86811,-22.893695,106.0,5800A1,-43.533141666666666,ida,0.0,10- SANTA CRUZ X ALVORADA ( EXPRESSO ),1.511236311E12
816623,-22.975421666666666,0.0,0.0,-43.36708333333333,,0.0,,1.503062538E12
44712,-22.83904666666667,148.0,5704N1,-43.240098333333336,ida,0.0,5704N1- FUNDÃO X ALVORADA,1.51123631E12
30509,-23.000765,3552.0,5850A1,-43.36595,volta,0.0,51 - Vila Militar x T. Recreio (Parador),1.510742738E12
SAND 024 - LST 4409,-23.000709,0.0,0.0,-43.363807,,0.0,,1.505516232E12
86827,-22.89568,120.0,5801A1,-43.53287666666667,ida,0.0,12 - PINGO D'AGUA X ALVORADA ( EXPRESSO ),1.511235921E12
87580,-22.920688333333334,128.0,5804A1,-43.607238333333335,ida,0.0,15 - PACIÊNCIA X SALVADOR ALLENDE ( EXPRESSO ),1.511133808E12
13356,-22.8757,161.0,875A1,-43.41960833333333,ida,0.1852,875A1 - TANQUE X PÇA. SECA ( CIRCULAR ),1.51123475E12
22036,-22.975315000000002,4331.0,000,-43.367139999999985,ida,6.1116,SEM SERVIÇO - IDA,1.507570265E12
10110,-22.814528333333335,0.0,0.0,-43.18743500000001,,0.3704,,1.51002617E12
86839,-23.002528333333334,113.0,5802A1,-43.3663,volta,0.0,13- ALVORADA X  MATO ALTO ( EXPRESSO ),1.510680484E12
87596,-22.92029,128.0,5804A1,-43.60822833333334,ida,0.0,15 - PACIÊNCIA X SALVADOR ALLENDE ( EXPRESSO ),1.51123631E12
86875,-22.895693333333334,106.0,5800A1,-43.53252666666667,ida,0.0,10- SANTA CRUZ X ALVORADA ( EXPRESSO ),1.51123535E12
87569,-22.91991833333333,128.0,5804A1,-43.60722833333333,ida,0.0,15 - PACIÊNCIA X SALVADOR ALLENDE ( EXPRESSO ),1.510748696E12
86807,-22.895495,104.0,5800N1,-43.53256666666667,ida,0.0,11 - SANTA CRUZ X ALVORADA,1.511235767E12
30010,-22.93881666666667,257.0,932A1,-43.33482666666666,volta,25.928,932A1 - TANQUE X GARDÊNIA AZUL,1.5112363E12
10078,-22.81449166666666,3911.0,910A,-43.18794166666667,ida,0.0,910N1 - IDA - BANANAL X VAZ LOBO,1.511236201E12
12700,-22.959935,0.0,0.0,-43.395805,,0.0,,1.511235919E12
27171,-22.849975,3310.0,50,-43.322545,ida,0.0,50 - Terminal Olimpico x Jardim Oceânico ( Parador ),1.511235126E12
13411,-22.814675,282.0,5700A1,-43.24621333333333,volta,0.0,30 - GALEÃO X ALVORADA ( SEMI - DIRETO),1.510736528E12
86372,-22.95155666666667,0.0,0.0,-43.56977833333334,,49.4484,,1.510692629E12
86876,-22.89628666666667,0.0,0.0,-43.53239833333333,,0.0,,1.510748529E12
47581,-22.953241666666667,939A,-43.350471666666664,volta,0.0,939A - GARDÊNIA AZUL  X  TANQUE,1.511235676E12
30514,-22.880538333333334,3533.0,22,-43.357506666666666,ida,0.0,22 - ALVORADA X JARDIM OCEÂNICO ( PARADOR ),1.507603308E12
47536,-22.953194999999997,240.0,991A1,-43.350368333333336,ida,0.0,991A1 - TAQUARA X ALVORADA,1.511236312E12
30360,-22.880466666666667,0.0,0.0,-43.35723333333332,,0.0,,1.51123543E12
86884,-22.89566,106.0,5800A1,-43.53279333333333,ida,0.0,10- SANTA CRUZ X ALVORADA ( EXPRESSO ),1.511236035E12
47489,-22.953185,0.0,0.0,-43.35051666666668,,0.0,,1.511235334E12
87587,-22.920225,133.0,5805A1,-43.60841833333333,volta,0.0,17- SANTA CRUZ X CAMPO GRANDE ( PARADOR ),1.511236256E12
30107,-22.880483333333338,4331.0,000,-43.35831666666666,ida,0.0,SEM SERVIÇO - IDA,1.511236323E12
363041,-22.97539,0.0,0.0,-43.367161666666654,,0.7408,,1.500060788E12
39657,-20.379385000000003,0.0,0.0,-43.517633333333336,,0.0,,1.504716312E12
10068,-22.814540000000004,3911.0,910A,-43.18801333333334,ida,0.0,910N1 - IDA - BANANAL X VAZ LOBO,1.511236298E12
44717,-22.849676666666667,108.0,5702A1,-43.32344833333333,ida,0.0,35 - MADUREIRA X ALVORADA ( PARADOR ) - ida,1.511234508E12
GOL 004 - KRA7040,-23.000764,0.0,0.0,-43.363815,,0.0,,1.511236265E12
39511,-22.97523333333334,0.0,0.0,-43.367375,,5.1856,,1.494008787E12
86815,-22.894918333333333,160.0,875A1,-43.532265,volta,0.0,875A1 - PRAÇA SECA X TANQUE ( CIRCULAR),1.511236032E12
RB13,-23.000812,4331.0,000,-43.364501,ida,0.0,SEM SERVIÇO - IDA,1.511235933E12
GOL 018 -KYW2283,-22.994527,0.0,0.0,-43.376998,,37.0,,1.497889296E12
854061,-22.975168333333333,0.0,0.0,-43.367095,,0.0,,1.502975971E12
857038,-22.975356666666666,0.0,0.0,-43.36712166666667,,0.0,,1.503587669E12
22088,-22.97584166666666,247.0,SP899,-43.33505666666667,volta,6.2968,SP899 - DOWNTOWN X TERMINAL ALVORADA,1.483019065E12
12701,-22.959723333333333,3311.0,50,-43.39548166666667,volta,0.0,50- Jardim Oceânico x Terminal Olimpico (Parador),1.511235957E12
86083,-22.8933,393.0,916A1,-43.53196,volta,0.0,916A1 - BONSUCESS0 X MADUREIRA,1.511236326E12
10048,-22.814656666666664,3911.0,910A,-43.18753,ida,0.0,910N1 - IDA - BANANAL X VAZ LOBO,1.511235898E12
353441,-22.97547833333333,0.0,0.0,-43.36715333333335,,0.1852,,1.502743515E12
815890,-22.975425,0.0,0.0,-43.36706,,0.0,,1.503432092E12
30232,-22.95010166666667,4331.0,000,-43.34775833333333,ida,0.0,SEM SERVIÇO - IDA,1.511236179E12
12737,-22.959475,3551.0,5850A1,-43.39543833333333,ida,0.0,51 - T. Recreio x Vila Militar (Parador),1.511236133E12
87076,-22.920071666666665,243.0,896A1,-43.60859000000001,volta,0.0,896A1 - MATO ALTO X PDG,1.5110435E12
75555,-22.83092666666666,4057.0,355A1,-43.32421333333332,volta,0.1852,355A1 - PRAÇA TIRADENTES X MADUREIRA,1.493575989E12
13412,-23.001823333333334,3311.0,50,-43.36711833333333,volta,0.0,50- Jardim Oceânico x Terminal Olimpico (Parador),1.511235954E12
363367,-22.975578333333335,0.0,0.0,-43.367176666666666,,0.1852,,1.502743578E12
30530,-22.845638333333333,282.0,5700A1,-43.30207333333333,volta,45.0,30 - GALEÃO X ALVORADA ( SEMI - DIRETO),1.511236324E12
87070,-22.918268333333337,225.0,879A1,-43.607593333333334,ida,0.0,879A1 - CAMPO GRANDE X MAGARÇA,1.511235373E12
815885,-22.975296666666665,0.0,0.0,-43.367113333333336,,0.0,,1.503342148E12
47580,-22.95309166666667,939A,-43.35062500000001,volta,0.0,939A - GARDÊNIA AZUL  X  TANQUE,1.511236121E12
86015,-22.89369333333333,227.0,855A1,-43.53342333333333,volta,0.0,855A1 - MAGARÇA X BANGU,1.511235711E12
27206,-22.849986666666666,4049.0,42,-43.32275833333333,ida,0.0,42 - FUNDÃO X DIVINA PROVIDÊNCIA (PARADOR),1.511234867E12
86814,-22.594661666666667,4807.0,25,-43.298028333333335,ida,0.0,25 - MATO ALTO X J.OCEÂNICO,1.511007161E12
44715,-22.849733333333333,3310.0,50,-43.32324166666667,ida,0.0,50 - Terminal Olimpico x Jardim Oceânico ( Parador ),1.506658618E12
857025,-22.975305,0.0,0.0,-43.367105,,0.0,,1.500930274E12
87584,-22.99964,104.0,5800N1,-43.582481666666666,ida,48.0,11 - SANTA CRUZ X ALVORADA,1.511236316E12
30182,-22.880436666666665,1409.0,877A1,-43.35843000000001,ida,0.0,877A1 - TANQUE X RIO DAS PEDRAS,1.511235649E12
86804,-22.895541666666666,122.0,5808A1,-43.53263666666667,ida,0.0,20 - SANTA CRUZ X SALVADOR ALLENDE ( EXPRESSO ),1.51123629E12
86817,-22.893786666666667,106.0,5800A1,-43.53187333333334,ida,0.0,10- SANTA CRUZ X ALVORADA ( EXPRESSO ),1.511235906E12
12709,-22.85434,3310.0,50,-43.25135,ida,0.0,50 - Terminal Olimpico x Jardim Oceânico ( Parador ),1.511236264E12
